8714, 8421, 81
8714, 8422, 80
8714, 8423, 128
8714, 8424, 161
8714, 8425, 70
8714, 8426, 47
8714, 8427, 58
8714, 8428, 57
8714, 8429, 60
8714, 8430, 10
8714, 8431, 42
8714, 8432, 25
8714, 8433, 18
8714, 8434, 1
8714, 8435, 1
8714, 8436, 7
8714, 8437, 28
8714, 8438, 44
8714, 8439, 0
8714, 8440, 21
8714, 8441, 21
8714, 8442, 4
8714, 8443, 8
8714, 8444, 5
8714, 8445, 3
8714, 8446, 3
8714, 8447, 17
8715, 8421, 168
8715, 8422, 128
8715, 8423, 139
8715, 8424, 4
8715, 8425, 2
8715, 8426, 0
8715, 8427, 35
8715, 8428, 24
8715, 8429, 0
8715, 8430, 65
8715, 8431, 119
8715, 8432, 53
8715, 8433, 21
8715, 8434, 12
8715, 8435, 29
8715, 8436, 42
8715, 8437, 2
8715, 8438, 57
8715, 8439, 44
8715, 8440, 1
8715, 8441, 0
8715, 8442, 29
8715, 8443, 9
8715, 8444, 12
8715, 8445, 2
8715, 8446, 2
8715, 8447, 1
