238994, 237910, 17
238994, 237911, 100
238994, 237912, 33
238994, 237913, 167
238994, 237914, 83
238994, 237915, 150
238994, 237916, 217
238994, 237917, 233
238995, 237910, 150
238995, 237911, 17
238995, 237912, 83
238995, 237913, 33
238995, 237914, 217
238995, 237915, 167
238995, 237916, 233
238995, 237917, 100
238996, 237910, 100
238996, 237911, 233
238996, 237912, 83
238996, 237913, 167
238996, 237914, 33
238996, 237915, 150
238996, 237916, 17
238996, 237917, 217
238997, 237910, 217
238997, 237911, 83
238997, 237912, 167
238997, 237913, 17
238997, 237914, 150
238997, 237915, 33
238997, 237916, 233
238997, 237917, 100
238998, 237910, 217
238998, 237911, 233
238998, 237912, 17
238998, 237913, 100
238998, 237914, 33
238998, 237915, 83
238998, 237916, 167
238998, 237917, 150
238999, 237910, 233
238999, 237911, 167
238999, 237912, 17
238999, 237913, 100
238999, 237914, 33
238999, 237915, 83
238999, 237916, 217
238999, 237917, 150
239000, 237910, 150
239000, 237911, 217
239000, 237912, 17
239000, 237913, 83
239000, 237914, 33
239000, 237915, 100
239000, 237916, 167
239000, 237917, 233
239001, 237910, 283
239001, 237911, 304
239001, 237912, 0
239001, 237913, 0
239001, 237914, 0
239001, 237915, 0
239001, 237916, 196
239001, 237917, 217
