29160, 30905, 0
29160, 30906, 0
29160, 30907, 0
29160, 30908, 0
29160, 30909, 0
29160, 30910, 4
29160, 30911, 2
29160, 30912, 0
29160, 30913, 0
29160, 30914, 0
29160, 30915, 5
29160, 30916, 0
29160, 30917, 0
29160, 30918, 0
29160, 30919, 0
29160, 30920, 0
29160, 30921, 0
29160, 30922, 0
29160, 30923, 0
29160, 30924, 0
29160, 30925, 0
29160, 30926, 0
29160, 30927, 0
29160, 30928, 0
29160, 30929, 0
29160, 30930, 0
29160, 30931, 1
29160, 30932, 0
29160, 30933, 0
29160, 30934, 0
29160, 30935, 6
29160, 30936, 0
29160, 30937, 0
29160, 30938, 0
29160, 30939, 0
29160, 30940, 0
29160, 30941, 0
29160, 30942, 9
29160, 30943, 0
29160, 30944, 0
29160, 30945, 1
29160, 30946, 1
29160, 30947, 7
29160, 30948, 0
29160, 30949, 0
29160, 30950, 0
29160, 30951, 8
29160, 30952, 101
29160, 30953, 0
29160, 30954, 0
29160, 30955, 1
29160, 30956, 1
29160, 30957, 1
29160, 30958, 0
29160, 30959, 0
29160, 30960, 0
29160, 30961, 0
29160, 30962, 0
29160, 30963, 601
29160, 30964, 0
29160, 30965, 11
29160, 30966, 0
29160, 30967, 0
29160, 30968, 220
29160, 30969, 10
29160, 30970, 0
29160, 30971, 0
29160, 30972, 0
29160, 30973, 3
29160, 30974, 0
29160, 30975, 0
29160, 30976, 3
29160, 30977, 0
29160, 30978, 0
29160, 30979, 0
29160, 30980, 0
29160, 30981, 0
29160, 30982, 4
29160, 30983, 0
29160, 30984, 0
29160, 30985, 0
29160, 30986, 0
29160, 30987, 0
29156, 30905, 0
29156, 30906, 0
29156, 30907, 0
29156, 30908, 100
29156, 30909, 0
29156, 30910, 0
29156, 30911, 0
29156, 30912, 0
29156, 30913, 0
29156, 30914, 0
29156, 30915, 0
29156, 30916, 101
29156, 30917, 0
29156, 30918, 0
29156, 30919, 0
29156, 30920, 0
29156, 30921, 0
29156, 30922, 0
29156, 30923, 49
29156, 30924, 0
29156, 30925, 0
29156, 30926, 0
29156, 30927, 0
29156, 30928, 0
29156, 30929, 0
29156, 30930, 0
29156, 30931, 0
29156, 30932, 0
29156, 30933, 0
29156, 30934, 0
29156, 30935, 0
29156, 30936, 0
29156, 30937, 0
29156, 30938, 0
29156, 30939, 0
29156, 30940, 0
29156, 30941, 0
29156, 30942, 0
29156, 30943, 0
29156, 30944, 0
29156, 30945, 0
29156, 30946, 0
29156, 30947, 150
29156, 30948, 0
29156, 30949, 0
29156, 30950, 0
29156, 30951, 100
29156, 30952, 0
29156, 30953, 0
29156, 30954, 0
29156, 30955, 0
29156, 30956, 0
29156, 30957, 0
29156, 30958, 0
29156, 30959, 0
29156, 30960, 0
29156, 30961, 0
29156, 30962, 0
29156, 30963, 0
29156, 30964, 0
29156, 30965, 0
29156, 30966, 0
29156, 30967, 0
29156, 30968, 500
29156, 30969, 0
29156, 30970, 0
29156, 30971, 0
29156, 30972, 0
29156, 30973, 0
29156, 30974, 0
29156, 30975, 0
29156, 30976, 0
29156, 30977, 0
29156, 30978, 0
29156, 30979, 0
29156, 30980, 0
29156, 30981, 0
29156, 30982, 0
29156, 30983, 0
29156, 30984, 0
29156, 30985, 0
29156, 30986, 0
29156, 30987, 0
29157, 30905, 0
29157, 30906, 0
29157, 30907, 0
29157, 30908, 0
29157, 30909, 0
29157, 30910, 0
29157, 30911, 0
29157, 30912, 0
29157, 30913, 0
29157, 30914, 0
29157, 30915, 0
29157, 30916, 0
29157, 30917, 0
29157, 30918, 0
29157, 30919, 0
29157, 30920, 0
29157, 30921, 0
29157, 30922, 0
29157, 30923, 0
29157, 30924, 0
29157, 30925, 0
29157, 30926, 0
29157, 30927, 0
29157, 30928, 0
29157, 30929, 0
29157, 30930, 0
29157, 30931, 0
29157, 30932, 0
29157, 30933, 0
29157, 30934, 0
29157, 30935, 0
29157, 30936, 0
29157, 30937, 0
29157, 30938, 0
29157, 30939, 0
29157, 30940, 0
29157, 30941, 0
29157, 30942, 0
29157, 30943, 0
29157, 30944, 0
29157, 30945, 0
29157, 30946, 0
29157, 30947, 0
29157, 30948, 0
29157, 30949, 0
29157, 30950, 0
29157, 30951, 0
29157, 30952, 0
29157, 30953, 0
29157, 30954, 0
29157, 30955, 0
29157, 30956, 0
29157, 30957, 0
29157, 30958, 0
29157, 30959, 0
29157, 30960, 0
29157, 30961, 0
29157, 30962, 0
29157, 30963, 0
29157, 30964, 0
29157, 30965, 0
29157, 30966, 0
29157, 30967, 0
29157, 30968, 0
29157, 30969, 0
29157, 30970, 0
29157, 30971, 0
29157, 30972, 0
29157, 30973, 0
29157, 30974, 0
29157, 30975, 0
29157, 30976, 0
29157, 30977, 0
29157, 30978, 0
29157, 30979, 0
29157, 30980, 0
29157, 30981, 1000
29157, 30982, 0
29157, 30983, 0
29157, 30984, 0
29157, 30985, 0
29157, 30986, 0
29157, 30987, 0
29158, 30905, 0
29158, 30906, 0
29158, 30907, 0
29158, 30908, 0
29158, 30909, 0
29158, 30910, 0
29158, 30911, 0
29158, 30912, 0
29158, 30913, 0
29158, 30914, 0
29158, 30915, 0
29158, 30916, 0
29158, 30917, 0
29158, 30918, 0
29158, 30919, 0
29158, 30920, 1000
29158, 30921, 0
29158, 30922, 0
29158, 30923, 0
29158, 30924, 0
29158, 30925, 0
29158, 30926, 0
29158, 30927, 0
29158, 30928, 0
29158, 30929, 0
29158, 30930, 0
29158, 30931, 0
29158, 30932, 0
29158, 30933, 0
29158, 30934, 0
29158, 30935, 0
29158, 30936, 0
29158, 30937, 0
29158, 30938, 0
29158, 30939, 0
29158, 30940, 0
29158, 30941, 0
29158, 30942, 0
29158, 30943, 0
29158, 30944, 0
29158, 30945, 0
29158, 30946, 0
29158, 30947, 0
29158, 30948, 0
29158, 30949, 0
29158, 30950, 0
29158, 30951, 0
29158, 30952, 0
29158, 30953, 0
29158, 30954, 0
29158, 30955, 0
29158, 30956, 0
29158, 30957, 0
29158, 30958, 0
29158, 30959, 0
29158, 30960, 0
29158, 30961, 0
29158, 30962, 0
29158, 30963, 0
29158, 30964, 0
29158, 30965, 0
29158, 30966, 0
29158, 30967, 0
29158, 30968, 0
29158, 30969, 0
29158, 30970, 0
29158, 30971, 0
29158, 30972, 0
29158, 30973, 0
29158, 30974, 0
29158, 30975, 0
29158, 30976, 0
29158, 30977, 0
29158, 30978, 0
29158, 30979, 0
29158, 30980, 0
29158, 30981, 0
29158, 30982, 0
29158, 30983, 0
29158, 30984, 0
29158, 30985, 0
29158, 30986, 0
29158, 30987, 0
29159, 30905, 0
29159, 30906, 0
29159, 30907, 0
29159, 30908, 144
29159, 30909, 0
29159, 30910, 0
29159, 30911, 0
29159, 30912, 0
29159, 30913, 0
29159, 30914, 0
29159, 30915, 0
29159, 30916, 0
29159, 30917, 0
29159, 30918, 0
29159, 30919, 27
29159, 30920, 0
29159, 30921, 0
29159, 30922, 0
29159, 30923, 0
29159, 30924, 0
29159, 30925, 0
29159, 30926, 0
29159, 30927, 0
29159, 30928, 0
29159, 30929, 0
29159, 30930, 0
29159, 30931, 0
29159, 30932, 0
29159, 30933, 0
29159, 30934, 0
29159, 30935, 0
29159, 30936, 0
29159, 30937, 0
29159, 30938, 0
29159, 30939, 0
29159, 30940, 0
29159, 30941, 0
29159, 30942, 0
29159, 30943, 0
29159, 30944, 0
29159, 30945, 315
29159, 30946, 0
29159, 30947, 0
29159, 30948, 0
29159, 30949, 0
29159, 30950, 0
29159, 30951, 0
29159, 30952, 0
29159, 30953, 0
29159, 30954, 0
29159, 30955, 137
29159, 30956, 129
29159, 30957, 0
29159, 30958, 177
29159, 30959, 0
29159, 30960, 23
29159, 30961, 37
29159, 30962, 11
29159, 30963, 0
29159, 30964, 0
29159, 30965, 0
29159, 30966, 0
29159, 30967, 0
29159, 30968, 0
29159, 30969, 0
29159, 30970, 0
29159, 30971, 0
29159, 30972, 0
29159, 30973, 0
29159, 30974, 0
29159, 30975, 0
29159, 30976, 0
29159, 30977, 0
29159, 30978, 0
29159, 30979, 0
29159, 30980, 0
29159, 30981, 0
29159, 30982, 0
29159, 30983, 0
29159, 30984, 0
29159, 30985, 0
29159, 30986, 0
29159, 30987, 0
29155, 30905, 0
29155, 30906, 1
29155, 30907, 0
29155, 30908, 0
29155, 30909, 0
29155, 30910, 111
29155, 30911, 99
29155, 30912, 151
29155, 30913, 0
29155, 30914, 0
29155, 30915, 0
29155, 30916, 0
29155, 30917, 0
29155, 30918, 0
29155, 30919, 0
29155, 30920, 0
29155, 30921, 0
29155, 30922, 0
29155, 30923, 0
29155, 30924, 0
29155, 30925, 0
29155, 30926, 0
29155, 30927, 0
29155, 30928, 0
29155, 30929, 0
29155, 30930, 0
29155, 30931, 0
29155, 30932, 0
29155, 30933, 0
29155, 30934, 0
29155, 30935, 0
29155, 30936, 0
29155, 30937, 0
29155, 30938, 0
29155, 30939, 0
29155, 30940, 0
29155, 30941, 0
29155, 30942, 0
29155, 30943, 277
29155, 30944, 0
29155, 30945, 74
29155, 30946, 0
29155, 30947, 0
29155, 30948, 0
29155, 30949, 0
29155, 30950, 0
29155, 30951, 99
29155, 30952, 0
29155, 30953, 0
29155, 30954, 0
29155, 30955, 78
29155, 30956, 0
29155, 30957, 89
29155, 30958, 17
29155, 30959, 0
29155, 30960, 0
29155, 30961, 4
29155, 30962, 0
29155, 30963, 0
29155, 30964, 0
29155, 30965, 0
29155, 30966, 0
29155, 30967, 0
29155, 30968, 0
29155, 30969, 0
29155, 30970, 0
29155, 30971, 0
29155, 30972, 0
29155, 30973, 0
29155, 30974, 0
29155, 30975, 0
29155, 30976, 0
29155, 30977, 0
29155, 30978, 0
29155, 30979, 0
29155, 30980, 0
29155, 30981, 0
29155, 30982, 0
29155, 30983, 0
29155, 30984, 0
29155, 30985, 0
29155, 30986, 0
29155, 30987, 0
