233040, 231970, 201
233040, 231971, 0
233040, 231972, 0
233040, 231973, 799
233040, 231974, 0
233040, 231975, 0
233040, 231976, 0
233040, 231977, 0
233039, 231970, 666
233039, 231971, 0
233039, 231972, 0
233039, 231973, 0
233039, 231974, 0
233039, 231975, 334
233039, 231976, 0
233039, 231977, 0
233045, 231970, 175
233045, 231971, 125
233045, 231972, 175
233045, 231973, 125
233045, 231974, 50
233045, 231975, 100
233045, 231976, 125
233045, 231977, 125
233043, 231970, 0
233043, 231971, 150
233043, 231972, 200
233043, 231973, 50
233043, 231974, 0
233043, 231975, 500
233043, 231976, 0
233043, 231977, 100
233044, 231970, 200
233044, 231971, 0
233044, 231972, 0
233044, 231973, 350
233044, 231974, 0
233044, 231975, 100
233044, 231976, 0
233044, 231977, 350
233041, 231970, 0
233041, 231971, 0
233041, 231972, 500
233041, 231973, 0
233041, 231974, 0
233041, 231975, 500
233041, 231976, 0
233041, 231977, 0
233042, 231970, 0
233042, 231971, 0
233042, 231972, 0
233042, 231973, 500
233042, 231974, 0
233042, 231975, 0
233042, 231976, 0
233042, 231977, 500
