174172, 173259, 45
174172, 173260, 125
174172, 173261, 210
174172, 173262, 55
174172, 173263, 45
174172, 173264, 110
174172, 173265, 30
174172, 173266, 70
174172, 173267, 65
174172, 173268, 85
174172, 173269, 95
174172, 173270, 15
174172, 173271, 20
174172, 173272, 25
174172, 173273, 5
174173, 173259, 30
174173, 173260, 25
174173, 173261, 115
174173, 173262, 70
174173, 173263, 30
174173, 173264, 45
174173, 173265, 55
174173, 173266, 65
174173, 173267, 60
174173, 173268, 115
174173, 173269, 100
174173, 173270, 20
174173, 173271, 45
174173, 173272, 95
174173, 173273, 130
174174, 173259, 40
174174, 173260, 110
174174, 173261, 100
174174, 173262, 55
174174, 173263, 60
174174, 173264, 70
174174, 173265, 15
174174, 173266, 45
174174, 173267, 95
174174, 173268, 95
174174, 173269, 75
174174, 173270, 40
174174, 173271, 70
174174, 173272, 60
174174, 173273, 70
174175, 173259, 10
174175, 173260, 90
174175, 173261, 30
174175, 173262, 65
174175, 173263, 55
174175, 173264, 85
174175, 173265, 45
174175, 173266, 60
174175, 173267, 90
174175, 173268, 100
174175, 173269, 55
174175, 173270, 55
174175, 173271, 60
174175, 173272, 70
174175, 173273, 130
174176, 173259, 40
174176, 173260, 85
174176, 173261, 65
174176, 173262, 85
174176, 173263, 45
174176, 173264, 105
174176, 173265, 45
174176, 173266, 35
174176, 173267, 50
174176, 173268, 50
174176, 173269, 80
174176, 173270, 50
174176, 173271, 65
174176, 173272, 105
174176, 173273, 95
174177, 173259, 55
174177, 173260, 110
174177, 173261, 90
174177, 173262, 80
174177, 173263, 70
174177, 173264, 65
174177, 173265, 60
174177, 173266, 25
174177, 173267, 45
174177, 173268, 60
174177, 173269, 30
174177, 173270, 40
174177, 173271, 80
174177, 173272, 90
174177, 173273, 100
174178, 173259, 50
174178, 173260, 95
174178, 173261, 90
174178, 173262, 60
174178, 173263, 60
174178, 173264, 75
174178, 173265, 50
174178, 173266, 60
174178, 173267, 85
174178, 173268, 80
174178, 173269, 80
174178, 173270, 40
174178, 173271, 55
174178, 173272, 85
174178, 173273, 35
