99283, 100341, 4
99283, 100342, 44
99283, 100343, 4
99283, 100344, 188
99283, 100345, 44
99283, 100346, 8
99283, 100347, 147
99283, 100348, 44
99283, 100349, 44
99283, 100350, 141
99283, 100351, 44
99283, 100352, 44
99283, 100353, 126
99283, 100354, 118
99284, 100341, 8
99284, 100342, 16
99284, 100343, 277
99284, 100344, 156
99284, 100345, 16
99284, 100346, 12
99284, 100347, 21
99284, 100348, 16
99284, 100349, 12
99284, 100350, 21
99284, 100351, 126
99284, 100352, 7
99284, 100353, 156
99284, 100354, 156
99285, 100341, 10
99285, 100342, 7
99285, 100343, 13
99285, 100344, 49
99285, 100345, 85
99285, 100346, 102
99285, 100347, 102
99285, 100348, 70
99285, 100349, 112
99285, 100350, 82
99285, 100351, 115
99285, 100352, 115
99285, 100353, 69
99285, 100354, 69
99286, 100341, 97
99286, 100342, 58
99286, 100343, 41
99286, 100344, 95
99286, 100345, 58
99286, 100346, 43
99286, 100347, 95
99286, 100348, 79
99286, 100349, 71
99286, 100350, 70
99286, 100351, 71
99286, 100352, 43
99286, 100353, 108
99286, 100354, 71
99287, 100341, 74
99287, 100342, 60
99287, 100343, 81
99287, 100344, 66
99287, 100345, 76
99287, 100346, 34
99287, 100347, 89
99287, 100348, 79
99287, 100349, 96
99287, 100350, 45
99287, 100351, 83
99287, 100352, 95
99287, 100353, 72
99287, 100354, 50
