17112, 18145, 0
17112, 18146, 0
17112, 18147, 800
17112, 18148, 200
17112, 18149, 0
17112, 18150, 0
17112, 18151, 0
17113, 18145, 0
17113, 18146, 100
17113, 18147, 800
17113, 18148, 0
17113, 18149, 0
17113, 18150, 0
17113, 18151, 100
17114, 18145, 0
17114, 18146, 0
17114, 18147, 333
17114, 18148, 600
17114, 18149, 67
17114, 18150, 0
17114, 18151, 0
17115, 18145, 100
17115, 18146, 650
17115, 18147, 100
17115, 18148, 75
17115, 18149, 25
17115, 18150, 25
17115, 18151, 25
17116, 18145, 400
17116, 18146, 0
17116, 18147, 0
17116, 18148, 0
17116, 18149, 300
17116, 18150, 300
17116, 18151, 0
17117, 18145, 100
17117, 18146, 100
17117, 18147, 100
17117, 18148, 100
17117, 18149, 100
17117, 18150, 100
17117, 18151, 400
