172168, 171088, 0
172168, 171089, 700
172168, 171090, 300
172168, 171091, 0
172168, 171092, 0
172168, 171093, 0
172168, 171094, 0
172168, 171095, 0
172169, 171088, 0
172169, 171089, 0
172169, 171090, 700
172169, 171091, 300
172169, 171092, 0
172169, 171093, 0
172169, 171094, 0
172169, 171095, 0
172170, 171088, 0
172170, 171089, 0
172170, 171090, 0
172170, 171091, 700
172170, 171092, 300
172170, 171093, 0
172170, 171094, 0
172170, 171095, 0
172171, 171088, 0
172171, 171089, 0
172171, 171090, 0
172171, 171091, 0
172171, 171092, 700
172171, 171093, 0
172171, 171094, 200
172171, 171095, 100
172172, 171088, 0
172172, 171089, 0
172172, 171090, 0
172172, 171091, 0
172172, 171092, 0
172172, 171093, 700
172172, 171094, 100
172172, 171095, 200
172173, 171088, 90
172173, 171089, 500
172173, 171090, 100
172173, 171091, 100
172173, 171092, 100
172173, 171093, 100
172173, 171094, 5
172173, 171095, 5
