95348, 96335, 114
95348, 96336, 131
95348, 96337, 38
95348, 96338, 131
95348, 96339, 131
95348, 96340, 5
95348, 96341, 82
95348, 96342, 131
95348, 96343, 0
95348, 96344, 0
95348, 96345, 6
95348, 96346, 52
95348, 96347, 90
95348, 96348, 5
95348, 96349, 9
95348, 96350, 75
95347, 96335, 122
95347, 96336, 61
95347, 96337, 46
95347, 96338, 37
95347, 96339, 153
95347, 96340, 25
95347, 96341, 37
95347, 96342, 77
95347, 96343, 77
95347, 96344, 107
95347, 96345, 40
95347, 96346, 31
95347, 96347, 34
95347, 96348, 46
95347, 96349, 46
95347, 96350, 61
