99701, 100750, 3
99701, 100751, 2
99701, 100752, 20
99701, 100753, 27
99701, 100754, 3
99701, 100755, 17
99701, 100756, 0
99701, 100757, 0
99701, 100758, 0
99701, 100759, 0
99701, 100760, 29
99701, 100761, 1
99701, 100762, 0
99701, 100763, 3
99701, 100764, 176
99701, 100765, 0
99701, 100766, 52
99701, 100767, 0
99701, 100768, 56
99701, 100769, 0
99701, 100770, 0
99701, 100771, 0
99701, 100772, 43
99701, 100773, 0
99701, 100774, 2
99701, 100775, 0
99701, 100776, 0
99701, 100777, 55
99701, 100778, 3
99701, 100779, 203
99701, 100780, 26
99701, 100781, 0
99701, 100782, 56
99701, 100783, 2
99701, 100784, 1
99701, 100785, 0
99701, 100786, 0
99701, 100787, 213
99701, 100788, 1
99701, 100789, 0
99701, 100790, 1
99701, 100791, 1
99701, 100792, 2
99701, 100793, 2
99700, 100750, 0
99700, 100751, 0
99700, 100752, 0
99700, 100753, 0
99700, 100754, 1
99700, 100755, 45
99700, 100756, 0
99700, 100757, 50
99700, 100758, 0
99700, 100759, 50
99700, 100760, 60
99700, 100761, 20
99700, 100762, 0
99700, 100763, 75
99700, 100764, 75
99700, 100765, 110
99700, 100766, 22
99700, 100767, 1
99700, 100768, 11
99700, 100769, 0
99700, 100770, 5
99700, 100771, 0
99700, 100772, 11
99700, 100773, 0
99700, 100774, 0
99700, 100775, 25
99700, 100776, 110
99700, 100777, 25
99700, 100778, 5
99700, 100779, 50
99700, 100780, 10
99700, 100781, 0
99700, 100782, 30
99700, 100783, 1
99700, 100784, 45
99700, 100785, 0
99700, 100786, 0
99700, 100787, 110
99700, 100788, 1
99700, 100789, 1
99700, 100790, 25
99700, 100791, 0
99700, 100792, 1
99700, 100793, 25
99702, 100750, 0
99702, 100751, 0
99702, 100752, 0
99702, 100753, 0
99702, 100754, 24
99702, 100755, 24
99702, 100756, 24
99702, 100757, 0
99702, 100758, 0
99702, 100759, 0
99702, 100760, 0
99702, 100761, 0
99702, 100762, 0
99702, 100763, 0
99702, 100764, 5
99702, 100765, 0
99702, 100766, 25
99702, 100767, 0
99702, 100768, 5
99702, 100769, 0
99702, 100770, 0
99702, 100771, 0
99702, 100772, 0
99702, 100773, 0
99702, 100774, 0
99702, 100775, 222
99702, 100776, 222
99702, 100777, 0
99702, 100778, 0
99702, 100779, 0
99702, 100780, 222
99702, 100781, 5
99702, 100782, 0
99702, 100783, 0
99702, 100784, 0
99702, 100785, 0
99702, 100786, 0
99702, 100787, 222
99702, 100788, 0
99702, 100789, 0
99702, 100790, 0
99702, 100791, 0
99702, 100792, 0
99702, 100793, 0
