183645, 183194, 98
183645, 183195, 148
183645, 183196, 0
183645, 183197, 125
183645, 183198, 163
183645, 183199, 0
183645, 183200, 196
183645, 183201, 0
183645, 183202, 105
183645, 183203, 0
183645, 183204, 43
183645, 183205, 34
183645, 183206, 0
183645, 183207, 21
183645, 183208, 0
183645, 183209, 23
183645, 183210, 0
183645, 183211, 44
183645, 183212, 0
183646, 183194, 170
183646, 183195, 170
183646, 183196, 0
183646, 183197, 170
183646, 183198, 168
183646, 183199, 0
183646, 183200, 171
183646, 183201, 0
183646, 183202, 151
183646, 183203, 0
183646, 183204, 0
183646, 183205, 0
183646, 183206, 0
183646, 183207, 0
183646, 183208, 0
183646, 183209, 0
183646, 183210, 0
183646, 183211, 0
183646, 183212, 0
183648, 183194, 945
183648, 183195, 0
183648, 183196, 0
183648, 183197, 0
183648, 183198, 0
183648, 183199, 0
183648, 183200, 0
183648, 183201, 0
183648, 183202, 0
183648, 183203, 0
183648, 183204, 39
183648, 183205, 0
183648, 183206, 16
183648, 183207, 0
183648, 183208, 0
183648, 183209, 0
183648, 183210, 0
183648, 183211, 0
183648, 183212, 0
183647, 183194, 484
183647, 183195, 0
183647, 183196, 0
183647, 183197, 227
183647, 183198, 6
183647, 183199, 0
183647, 183200, 231
183647, 183201, 0
183647, 183202, 52
183647, 183203, 0
183647, 183204, 0
183647, 183205, 0
183647, 183206, 0
183647, 183207, 0
183647, 183208, 0
183647, 183209, 0
183647, 183210, 0
183647, 183211, 0
183647, 183212, 0
