46527, 48253, 108
46527, 48254, 101
46527, 48255, 98
46527, 48256, 64
46527, 48257, 29
46527, 48258, 16
46527, 48259, 34
46527, 48260, 25
46527, 48261, 70
46527, 48262, 73
46527, 48263, 87
46527, 48264, 22
46527, 48265, 41
46527, 48266, 59
46527, 48267, 49
46527, 48268, 47
46527, 48269, 77
46526, 48253, 105
46526, 48254, 94
46526, 48255, 91
46526, 48256, 85
46526, 48257, 78
46526, 48258, 71
46526, 48259, 61
46526, 48260, 58
46526, 48261, 57
46526, 48262, 56
46526, 48263, 55
46526, 48264, 44
46526, 48265, 42
46526, 48266, 42
46526, 48267, 32
46526, 48268, 24
46526, 48269, 5
