172153, 171066, 10
172153, 171067, 75
172153, 171068, 112
172153, 171069, 109
172153, 171070, 71
172153, 171071, 46
172153, 171072, 17
172153, 171073, 131
172153, 171074, 302
172153, 171075, 0
172153, 171076, 7
172153, 171077, 40
172153, 171078, 26
172153, 171079, 14
172153, 171080, 15
172153, 171081, 25
172154, 171066, 2
172154, 171067, 31
172154, 171068, 19
172154, 171069, 54
172154, 171070, 99
172154, 171071, 70
172154, 171072, 175
172154, 171073, 68
172154, 171074, 81
172154, 171075, 23
172154, 171076, 38
172154, 171077, 9
172154, 171078, 49
172154, 171079, 201
172154, 171080, 34
172154, 171081, 47
172155, 171066, 44
172155, 171067, 6
172155, 171068, 21
172155, 171069, 183
172155, 171070, 206
172155, 171071, 14
172155, 171072, 46
172155, 171073, 73
172155, 171074, 0
172155, 171075, 56
172155, 171076, 30
172155, 171077, 38
172155, 171078, 93
172155, 171079, 66
172155, 171080, 18
172155, 171081, 106
172156, 171066, 157
172156, 171067, 101
172156, 171068, 55
172156, 171069, 31
172156, 171070, 98
172156, 171071, 6
172156, 171072, 200
172156, 171073, 82
172156, 171074, 27
172156, 171075, 44
172156, 171076, 23
172156, 171077, 72
172156, 171078, 37
172156, 171079, 5
172156, 171080, 62
172156, 171081, 0
172157, 171066, 12
172157, 171067, 86
172157, 171068, 148
172157, 171069, 27
172157, 171070, 41
172157, 171071, 34
172157, 171072, 16
172157, 171073, 256
172157, 171074, 150
172157, 171075, 13
172157, 171076, 0
172157, 171077, 82
172157, 171078, 54
172157, 171079, 10
172157, 171080, 32
172157, 171081, 39
172158, 171066, 0
172158, 171067, 53
172158, 171068, 86
172158, 171069, 156
172158, 171070, 12
172158, 171071, 79
172158, 171072, 102
172158, 171073, 15
172158, 171074, 59
172158, 171075, 97
172158, 171076, 101
172158, 171077, 22
172158, 171078, 61
172158, 171079, 1
172158, 171080, 68
172158, 171081, 88
172159, 171066, 59
172159, 171067, 103
172159, 171068, 3
172159, 171069, 19
172159, 171070, 183
172159, 171071, 100
172159, 171072, 81
172159, 171073, 36
172159, 171074, 20
172159, 171075, 41
172159, 171076, 57
172159, 171077, 50
172159, 171078, 68
172159, 171079, 50
172159, 171080, 6
172159, 171081, 124
172160, 171066, 311
172160, 171067, 63
172160, 171068, 49
172160, 171069, 67
172160, 171070, 0
172160, 171071, 30
172160, 171072, 33
172160, 171073, 100
172160, 171074, 11
172160, 171075, 144
172160, 171076, 27
172160, 171077, 29
172160, 171078, 14
172160, 171079, 61
172160, 171080, 52
172160, 171081, 9
