238835, 237766, 4
238835, 237767, 31
238835, 237768, 8
238835, 237769, 125
238835, 237770, 16
238835, 237771, 63
238835, 237772, 251
238835, 237773, 502
238836, 237766, 63
238836, 237767, 4
238836, 237768, 16
238836, 237769, 8
238836, 237770, 251
238836, 237771, 125
238836, 237772, 502
238836, 237773, 31
238837, 237766, 15
238837, 237767, 499
238837, 237768, 16
238837, 237769, 125
238837, 237770, 16
238837, 237771, 63
238837, 237772, 16
238837, 237773, 250
238838, 237766, 251
238838, 237767, 16
238838, 237768, 125
238838, 237769, 4
238838, 237770, 63
238838, 237771, 8
238838, 237772, 502
238838, 237773, 31
238839, 237766, 251
238839, 237767, 502
238839, 237768, 4
238839, 237769, 31
238839, 237770, 8
238839, 237771, 16
238839, 237772, 125
238839, 237773, 63
238840, 237766, 502
238840, 237767, 125
238840, 237768, 4
238840, 237769, 31
238840, 237770, 8
238840, 237771, 16
238840, 237772, 251
238840, 237773, 63
238842, 237766, 250
238842, 237767, 500
238842, 237768, 0
238842, 237769, 0
238842, 237770, 0
238842, 237771, 0
238842, 237772, 125
238842, 237773, 125
238841, 237766, 125
238841, 237767, 125
238841, 237768, 125
238841, 237769, 125
238841, 237770, 125
238841, 237771, 125
238841, 237772, 125
238841, 237773, 125
