103209, 104037, 155
103209, 104038, 244
103209, 104039, 0
103209, 104040, 0
103209, 104041, 0
103209, 104042, 0
103209, 104043, 67
103209, 104044, 89
103209, 104045, 267
103209, 104046, 0
103209, 104047, 178
103209, 104048, 0
103210, 104037, 177
103210, 104038, 267
103210, 104039, 89
103210, 104040, 67
103210, 104041, 0
103210, 104042, 0
103210, 104043, 0
103210, 104044, 0
103210, 104045, 244
103210, 104046, 156
103210, 104047, 0
103210, 104048, 0
103211, 104037, 84
103211, 104038, 84
103211, 104039, 84
103211, 104040, 84
103211, 104041, 83
103211, 104042, 83
103211, 104043, 83
103211, 104044, 83
103211, 104045, 83
103211, 104046, 83
103211, 104047, 83
103211, 104048, 83
103212, 104037, 266
103212, 104038, 244
103212, 104039, 0
103212, 104040, 0
103212, 104041, 89
103212, 104042, 67
103212, 104043, 0
103212, 104044, 0
103212, 104045, 178
103212, 104046, 156
103212, 104047, 0
103212, 104048, 0
103213, 104037, 177
103213, 104038, 267
103213, 104039, 0
103213, 104040, 0
103213, 104041, 0
103213, 104042, 0
103213, 104043, 156
103213, 104044, 244
103213, 104045, 89
103213, 104046, 67
103213, 104047, 0
103213, 104048, 0
103214, 104037, 0
103214, 104038, 0
103214, 104039, 0
103214, 104040, 0
103214, 104041, 177
103214, 104042, 156
103214, 104043, 89
103214, 104044, 67
103214, 104045, 0
103214, 104046, 0
103214, 104047, 267
103214, 104048, 244
103215, 104037, 155
103215, 104038, 267
103215, 104039, 0
103215, 104040, 0
103215, 104041, 0
103215, 104042, 0
103215, 104043, 89
103215, 104044, 244
103215, 104045, 178
103215, 104046, 0
103215, 104047, 67
103215, 104048, 0
103216, 104037, 177
103216, 104038, 244
103216, 104039, 0
103216, 104040, 0
103216, 104041, 0
103216, 104042, 67
103216, 104043, 0
103216, 104044, 156
103216, 104045, 267
103216, 104046, 89
103216, 104047, 0
103216, 104048, 0
103217, 104037, 0
103217, 104038, 266
103217, 104039, 0
103217, 104040, 244
103217, 104041, 0
103217, 104042, 178
103217, 104043, 0
103217, 104044, 156
103217, 104045, 89
103217, 104046, 0
103217, 104047, 67
103217, 104048, 0
103218, 104037, 66
103218, 104038, 178
103218, 104039, 0
103218, 104040, 267
103218, 104041, 0
103218, 104042, 156
103218, 104043, 0
103218, 104044, 244
103218, 104045, 89
103218, 104046, 0
103218, 104047, 0
103218, 104048, 0
