189881, 189551, 0
189881, 189552, 0
189881, 189553, 1000
189881, 189554, 0
189881, 189555, 0
189881, 189556, 0
189881, 189557, 0
189881, 189558, 0
189882, 189551, 0
189882, 189552, 0
189882, 189553, 0
189882, 189554, 0
189882, 189555, 0
189882, 189556, 0
189882, 189557, 1000
189882, 189558, 0
189883, 189551, 1
189883, 189552, 0
189883, 189553, 0
189883, 189554, 476
189883, 189555, 333
189883, 189556, 0
189883, 189557, 0
189883, 189558, 190
189884, 189551, 1
189884, 189552, 0
189884, 189553, 0
189884, 189554, 190
189884, 189555, 476
189884, 189556, 0
189884, 189557, 0
189884, 189558, 333
189885, 189551, 1
189885, 189552, 0
189885, 189553, 0
189885, 189554, 333
189885, 189555, 190
189885, 189556, 0
189885, 189557, 0
189885, 189558, 476
189886, 189551, 400
189886, 189552, 300
189886, 189553, 0
189886, 189554, 0
189886, 189555, 0
189886, 189556, 200
189886, 189557, 0
189886, 189558, 100
189887, 189551, 200
189887, 189552, 100
189887, 189553, 0
189887, 189554, 0
189887, 189555, 0
189887, 189556, 400
189887, 189557, 0
189887, 189558, 300
189888, 189551, 0
189888, 189552, 1000
189888, 189553, 0
189888, 189554, 0
189888, 189555, 0
189888, 189556, 0
189888, 189557, 0
189888, 189558, 0
