189891, 189559, 0
189891, 189560, 0
189891, 189561, 0
189891, 189562, 500
189891, 189563, 333
189891, 189564, 0
189891, 189565, 0
189891, 189566, 167
189892, 189559, 0
189892, 189560, 0
189892, 189561, 0
189892, 189562, 167
189892, 189563, 500
189892, 189564, 0
189892, 189565, 0
189892, 189566, 333
189893, 189559, 0
189893, 189560, 0
189893, 189561, 0
189893, 189562, 333
189893, 189563, 167
189893, 189564, 0
189893, 189565, 0
189893, 189566, 500
189889, 189559, 241
189889, 189560, 191
189889, 189561, 290
189889, 189562, 0
189889, 189563, 0
189889, 189564, 142
189889, 189565, 93
189889, 189566, 43
189894, 189559, 241
189894, 189560, 191
189894, 189561, 290
189894, 189562, 0
189894, 189563, 0
189894, 189564, 142
189894, 189565, 93
189894, 189566, 43
189890, 189559, 191
189890, 189560, 142
189890, 189561, 93
189890, 189562, 0
189890, 189563, 0
189890, 189564, 43
189890, 189565, 290
189890, 189566, 241
189895, 189559, 191
189895, 189560, 142
189895, 189561, 93
189895, 189562, 0
189895, 189563, 0
189895, 189564, 43
189895, 189565, 290
189895, 189566, 241
189896, 189559, 43
189896, 189560, 290
189896, 189561, 241
189896, 189562, 0
189896, 189563, 0
189896, 189564, 191
189896, 189565, 142
189896, 189566, 93
