131188, 131077, 100
131188, 131078, 100
131188, 131079, 400
131188, 131080, 0
131188, 131081, 0
131188, 131082, 0
131188, 131083, 0
131188, 131084, 50
131188, 131085, 330
131188, 131086, 20
131189, 131077, 322
131189, 131078, 0
131189, 131079, 337
131189, 131080, 0
131189, 131081, 70
131189, 131082, 0
131189, 131083, 0
131189, 131084, 0
131189, 131085, 212
131189, 131086, 59
131187, 131077, 173
131187, 131078, 119
131187, 131079, 76
131187, 131080, 41
131187, 131081, 10
131187, 131082, 8
131187, 131083, 375
131187, 131084, 59
131187, 131085, 124
131187, 131086, 15
