202144, 201377, 83
202144, 201378, 104
202144, 201379, 146
202144, 201380, 188
202144, 201381, 104
202144, 201382, 104
202144, 201383, 21
202144, 201384, 125
202144, 201385, 83
202144, 201386, 42
202145, 201377, 42
202145, 201378, 208
202145, 201379, 83
202145, 201380, 125
202145, 201381, 125
202145, 201382, 63
202145, 201383, 146
202145, 201384, 104
202145, 201385, 21
202145, 201386, 83
202146, 201377, 20
202146, 201378, 188
202146, 201379, 125
202146, 201380, 104
202146, 201381, 146
202146, 201382, 21
202146, 201383, 104
202146, 201384, 146
202146, 201385, 63
202146, 201386, 83
