198959, 198389, 501
198959, 198390, 0
198959, 198391, 0
198959, 198392, 333
198959, 198393, 166
198959, 198394, 0
198960, 198389, 0
198960, 198390, 0
198960, 198391, 501
198960, 198392, 0
198960, 198393, 166
198960, 198394, 333
198961, 198389, 166
198961, 198390, 0
198961, 198391, 501
198961, 198392, 333
198961, 198393, 0
198961, 198394, 0
198962, 198389, 166
198962, 198390, 0
198962, 198391, 0
198962, 198392, 333
198962, 198393, 501
198962, 198394, 0
198963, 198389, 0
198963, 198390, 0
198963, 198391, 0
198963, 198392, 333
198963, 198393, 166
198963, 198394, 501
198964, 198389, 0
198964, 198390, 0
198964, 198391, 501
198964, 198392, 333
198964, 198393, 0
198964, 198394, 166
