259301, 259221, 0
259301, 259222, 92
259301, 259223, 46
259301, 259224, 92
259301, 259225, 139
259301, 259226, 28
259301, 259227, 1
259301, 259228, 1
259301, 259229, 0
259301, 259230, 0
259301, 259231, 23
259301, 259232, 116
259301, 259233, 69
259301, 259234, 116
259301, 259235, 0
259301, 259236, 69
259301, 259237, 92
259301, 259238, 116
259302, 259221, 89
259302, 259222, 82
259302, 259223, 145
259302, 259224, 114
259302, 259225, 132
259302, 259226, 99
259302, 259227, 0
259302, 259228, 0
259302, 259229, 4
259302, 259230, 17
259302, 259231, 0
259302, 259232, 81
259302, 259233, 41
259302, 259234, 57
259302, 259235, 0
259302, 259236, 41
259302, 259237, 41
259302, 259238, 57
259303, 259221, 234
259303, 259222, 71
259303, 259223, 212
259303, 259224, 176
259303, 259225, 1
259303, 259226, 0
259303, 259227, 1
259303, 259228, 2
259303, 259229, 0
259303, 259230, 0
259303, 259231, 36
259303, 259232, 82
259303, 259233, 18
259303, 259234, 18
259303, 259235, 18
259303, 259236, 18
259303, 259237, 18
259303, 259238, 95
259305, 259221, 169
259305, 259222, 108
259305, 259223, 58
259305, 259224, 28
259305, 259225, 159
259305, 259226, 0
259305, 259227, 0
259305, 259228, 82
259305, 259229, 118
259305, 259230, 43
259305, 259231, 3
259305, 259232, 48
259305, 259233, 43
259305, 259234, 65
259305, 259235, 34
259305, 259236, 3
259305, 259237, 36
259305, 259238, 3
259304, 259221, 117
259304, 259222, 139
259304, 259223, 118
259304, 259224, 2
259304, 259225, 140
259304, 259226, 1
259304, 259227, 3
259304, 259228, 147
259304, 259229, 37
259304, 259230, 0
259304, 259231, 1
259304, 259232, 139
259304, 259233, 1
259304, 259234, 1
259304, 259235, 2
259304, 259236, 1
259304, 259237, 2
259304, 259238, 149
