232068, 230953, 0
232068, 230954, 500
232068, 230955, 0
232068, 230956, 500
232068, 230957, 0
232068, 230958, 0
232068, 230959, 0
232069, 230953, 0
232069, 230954, 501
232069, 230955, 0
232069, 230956, 499
232069, 230957, 0
232069, 230958, 0
232069, 230959, 0
232070, 230953, 0
232070, 230954, 0
232070, 230955, 0
232070, 230956, 505
232070, 230957, 0
232070, 230958, 295
232070, 230959, 200
232071, 230953, 0
232071, 230954, 0
232071, 230955, 600
232071, 230956, 200
232071, 230957, 200
232071, 230958, 0
232071, 230959, 0
232072, 230953, 0
232072, 230954, 0
232072, 230955, 0
232072, 230956, 375
232072, 230957, 500
232072, 230958, 0
232072, 230959, 125
