90503, 91200, 133
90503, 91201, 133
90503, 91202, 133
90503, 91203, 133
90503, 91204, 133
90503, 91205, 0
90503, 91206, 0
90503, 91207, 0
90503, 91208, 0
90503, 91209, 0
90503, 91210, 67
90503, 91211, 67
90503, 91212, 67
90503, 91213, 67
90503, 91214, 67
90504, 91200, 133
90504, 91201, 133
90504, 91202, 133
90504, 91203, 133
90504, 91204, 133
90504, 91205, 0
90504, 91206, 0
90504, 91207, 0
90504, 91208, 0
90504, 91209, 0
90504, 91210, 67
90504, 91211, 67
90504, 91212, 67
90504, 91213, 67
90504, 91214, 67
90505, 91200, 133
90505, 91201, 133
90505, 91202, 133
90505, 91203, 133
90505, 91204, 133
90505, 91205, 67
90505, 91206, 67
90505, 91207, 67
90505, 91208, 67
90505, 91209, 67
90505, 91210, 0
90505, 91211, 0
90505, 91212, 0
90505, 91213, 0
90505, 91214, 0
90506, 91200, 67
90506, 91201, 67
90506, 91202, 67
90506, 91203, 67
90506, 91204, 67
90506, 91205, 133
90506, 91206, 133
90506, 91207, 133
90506, 91208, 133
90506, 91209, 133
90506, 91210, 0
90506, 91211, 0
90506, 91212, 0
90506, 91213, 0
90506, 91214, 0
90507, 91200, 133
90507, 91201, 133
90507, 91202, 133
90507, 91203, 133
90507, 91204, 133
90507, 91205, 67
90507, 91206, 67
90507, 91207, 67
90507, 91208, 67
90507, 91209, 67
90507, 91210, 0
90507, 91211, 0
90507, 91212, 0
90507, 91213, 0
90507, 91214, 0
90508, 91200, 133
90508, 91201, 133
90508, 91202, 133
90508, 91203, 133
90508, 91204, 133
90508, 91205, 67
90508, 91206, 67
90508, 91207, 67
90508, 91208, 67
90508, 91209, 67
90508, 91210, 0
90508, 91211, 0
90508, 91212, 0
90508, 91213, 0
90508, 91214, 0
90509, 91200, 67
90509, 91201, 67
90509, 91202, 67
90509, 91203, 67
90509, 91204, 67
90509, 91205, 0
90509, 91206, 0
90509, 91207, 0
90509, 91208, 0
90509, 91209, 0
90509, 91210, 133
90509, 91211, 133
90509, 91212, 133
90509, 91213, 133
90509, 91214, 133
90510, 91200, 67
90510, 91201, 67
90510, 91202, 67
90510, 91203, 67
90510, 91204, 67
90510, 91205, 133
90510, 91206, 133
90510, 91207, 133
90510, 91208, 133
90510, 91209, 133
90510, 91210, 0
90510, 91211, 0
90510, 91212, 0
90510, 91213, 0
90510, 91214, 0
90511, 91200, 133
90511, 91201, 133
90511, 91202, 133
90511, 91203, 133
90511, 91204, 133
90511, 91205, 67
90511, 91206, 67
90511, 91207, 67
90511, 91208, 67
90511, 91209, 67
90511, 91210, 0
90511, 91211, 0
90511, 91212, 0
90511, 91213, 0
90511, 91214, 0
90512, 91200, 133
90512, 91201, 133
90512, 91202, 133
90512, 91203, 133
90512, 91204, 133
90512, 91205, 67
90512, 91206, 67
90512, 91207, 67
90512, 91208, 67
90512, 91209, 67
90512, 91210, 0
90512, 91211, 0
90512, 91212, 0
90512, 91213, 0
90512, 91214, 0
90513, 91200, 133
90513, 91201, 133
90513, 91202, 133
90513, 91203, 133
90513, 91204, 133
90513, 91205, 67
90513, 91206, 67
90513, 91207, 67
90513, 91208, 67
90513, 91209, 67
90513, 91210, 0
90513, 91211, 0
90513, 91212, 0
90513, 91213, 0
90513, 91214, 0
90514, 91200, 133
90514, 91201, 133
90514, 91202, 133
90514, 91203, 133
90514, 91204, 133
90514, 91205, 0
90514, 91206, 0
90514, 91207, 0
90514, 91208, 0
90514, 91209, 0
90514, 91210, 67
90514, 91211, 67
90514, 91212, 67
90514, 91213, 67
90514, 91214, 67
90515, 91200, 0
90515, 91201, 0
90515, 91202, 0
90515, 91203, 0
90515, 91204, 0
90515, 91205, 67
90515, 91206, 67
90515, 91207, 67
90515, 91208, 67
90515, 91209, 67
90515, 91210, 133
90515, 91211, 133
90515, 91212, 133
90515, 91213, 133
90515, 91214, 133
90516, 91200, 67
90516, 91201, 67
90516, 91202, 67
90516, 91203, 67
90516, 91204, 67
90516, 91205, 133
90516, 91206, 133
90516, 91207, 133
90516, 91208, 133
90516, 91209, 133
90516, 91210, 0
90516, 91211, 0
90516, 91212, 0
90516, 91213, 0
90516, 91214, 0
90517, 91200, 133
90517, 91201, 133
90517, 91202, 133
90517, 91203, 133
90517, 91204, 133
90517, 91205, 0
90517, 91206, 0
90517, 91207, 0
90517, 91208, 0
90517, 91209, 0
90517, 91210, 67
90517, 91211, 67
90517, 91212, 67
90517, 91213, 67
90517, 91214, 67
