157720, 156877, 112
157720, 156878, 111
157720, 156879, 111
157720, 156880, 0
157720, 156881, 0
157720, 156882, 0
157720, 156883, 222
157720, 156884, 222
157720, 156885, 222
157721, 156877, 223
157721, 156878, 222
157721, 156879, 222
157721, 156880, 0
157721, 156881, 0
157721, 156882, 0
157721, 156883, 111
157721, 156884, 111
157721, 156885, 111
157722, 156877, 223
157722, 156878, 222
157722, 156879, 222
157722, 156880, 111
157722, 156881, 111
157722, 156882, 111
157722, 156883, 0
157722, 156884, 0
157722, 156885, 0
157723, 156877, 334
157723, 156878, 333
157723, 156879, 333
157723, 156880, 0
157723, 156881, 0
157723, 156882, 0
157723, 156883, 0
157723, 156884, 0
157723, 156885, 0
157724, 156877, 55
157724, 156878, 55
157724, 156879, 56
157724, 156880, 111
157724, 156881, 111
157724, 156882, 111
157724, 156883, 167
157724, 156884, 167
157724, 156885, 167
