186524, 186133, 0
186524, 186134, 0
186524, 186135, 0
186524, 186136, 0
186524, 186137, 0
186524, 186138, 0
186524, 186139, 0
186524, 186140, 0
186524, 186141, 0
186524, 186142, 0
186524, 186143, 0
186524, 186144, 0
186524, 186145, 0
186524, 186146, 1
186524, 186147, 2
186524, 186148, 0
186524, 186149, 0
186524, 186150, 0
186524, 186151, 0
186524, 186152, 38
186524, 186153, 38
186524, 186154, 21
186524, 186155, 0
186524, 186156, 0
186524, 186157, 0
186524, 186158, 1
186524, 186159, 0
186524, 186160, 0
186524, 186161, 0
186524, 186162, 0
186524, 186163, 0
186524, 186164, 0
186524, 186165, 118
186524, 186166, 115
186524, 186167, 70
186524, 186168, 49
186524, 186169, 44
186524, 186170, 2
186524, 186171, 2
186524, 186172, 0
186524, 186173, 2
186524, 186174, 0
186524, 186175, 0
186524, 186176, 0
186524, 186177, 0
186524, 186178, 0
186524, 186179, 0
186524, 186180, 0
186524, 186181, 0
186524, 186182, 0
186524, 186183, 0
186524, 186184, 0
186524, 186185, 0
186524, 186186, 0
186524, 186187, 28
186524, 186188, 22
186524, 186189, 18
186524, 186190, 0
186524, 186191, 0
186524, 186192, 0
186524, 186193, 0
186524, 186194, 2
186524, 186195, 2
186524, 186196, 0
186524, 186197, 0
186524, 186198, 0
186524, 186199, 6
186524, 186200, 6
186524, 186201, 6
186524, 186202, 0
186524, 186203, 0
186524, 186204, 0
186524, 186205, 0
186524, 186206, 0
186524, 186207, 0
186524, 186208, 0
186524, 186209, 0
186524, 186210, 28
186524, 186211, 133
186524, 186212, 123
186524, 186213, 123
186522, 186133, 0
186522, 186134, 0
186522, 186135, 0
186522, 186136, 0
186522, 186137, 0
186522, 186138, 0
186522, 186139, 0
186522, 186140, 0
186522, 186141, 0
186522, 186142, 0
186522, 186143, 0
186522, 186144, 0
186522, 186145, 0
186522, 186146, 0
186522, 186147, 0
186522, 186148, 0
186522, 186149, 0
186522, 186150, 0
186522, 186151, 71
186522, 186152, 0
186522, 186153, 0
186522, 186154, 0
186522, 186155, 0
186522, 186156, 0
186522, 186157, 0
186522, 186158, 111
186522, 186159, 0
186522, 186160, 0
186522, 186161, 0
186522, 186162, 0
186522, 186163, 56
186522, 186164, 107
186522, 186165, 0
186522, 186166, 0
186522, 186167, 0
186522, 186168, 0
186522, 186169, 144
186522, 186170, 0
186522, 186171, 0
186522, 186172, 0
186522, 186173, 0
186522, 186174, 0
186522, 186175, 0
186522, 186176, 0
186522, 186177, 150
186522, 186178, 0
186522, 186179, 0
186522, 186180, 0
186522, 186181, 0
186522, 186182, 0
186522, 186183, 0
186522, 186184, 0
186522, 186185, 0
186522, 186186, 0
186522, 186187, 0
186522, 186188, 0
186522, 186189, 0
186522, 186190, 0
186522, 186191, 0
186522, 186192, 73
186522, 186193, 0
186522, 186194, 0
186522, 186195, 130
186522, 186196, 0
186522, 186197, 0
186522, 186198, 0
186522, 186199, 0
186522, 186200, 0
186522, 186201, 0
186522, 186202, 0
186522, 186203, 0
186522, 186204, 0
186522, 186205, 0
186522, 186206, 0
186522, 186207, 0
186522, 186208, 0
186522, 186209, 158
186522, 186210, 0
186522, 186211, 0
186522, 186212, 0
186522, 186213, 0
186526, 186133, 1
186526, 186134, 1
186526, 186135, 0
186526, 186136, 0
186526, 186137, 0
186526, 186138, 0
186526, 186139, 0
186526, 186140, 97
186526, 186141, 0
186526, 186142, 0
186526, 186143, 0
186526, 186144, 0
186526, 186145, 0
186526, 186146, 116
186526, 186147, 0
186526, 186148, 0
186526, 186149, 0
186526, 186150, 0
186526, 186151, 0
186526, 186152, 0
186526, 186153, 0
186526, 186154, 0
186526, 186155, 0
186526, 186156, 0
186526, 186157, 0
186526, 186158, 0
186526, 186159, 0
186526, 186160, 111
186526, 186161, 100
186526, 186162, 0
186526, 186163, 0
186526, 186164, 0
186526, 186165, 1
186526, 186166, 115
186526, 186167, 0
186526, 186168, 0
186526, 186169, 0
186526, 186170, 0
186526, 186171, 0
186526, 186172, 1
186526, 186173, 0
186526, 186174, 0
186526, 186175, 0
186526, 186176, 0
186526, 186177, 0
186526, 186178, 0
186526, 186179, 0
186526, 186180, 0
186526, 186181, 0
186526, 186182, 0
186526, 186183, 0
186526, 186184, 0
186526, 186185, 0
186526, 186186, 0
186526, 186187, 0
186526, 186188, 99
186526, 186189, 0
186526, 186190, 0
186526, 186191, 0
186526, 186192, 0
186526, 186193, 0
186526, 186194, 0
186526, 186195, 0
186526, 186196, 0
186526, 186197, 0
186526, 186198, 0
186526, 186199, 0
186526, 186200, 95
186526, 186201, 0
186526, 186202, 0
186526, 186203, 0
186526, 186204, 0
186526, 186205, 0
186526, 186206, 0
186526, 186207, 0
186526, 186208, 0
186526, 186209, 0
186526, 186210, 0
186526, 186211, 0
186526, 186212, 165
186526, 186213, 98
186523, 186133, 60
186523, 186134, 28
186523, 186135, 10
186523, 186136, 1
186523, 186137, 15
186523, 186138, 37
186523, 186139, 0
186523, 186140, 0
186523, 186141, 0
186523, 186142, 10
186523, 186143, 33
186523, 186144, 0
186523, 186145, 0
186523, 186146, 28
186523, 186147, 35
186523, 186148, 0
186523, 186149, 0
186523, 186150, 0
186523, 186151, 0
186523, 186152, 0
186523, 186153, 30
186523, 186154, 81
186523, 186155, 0
186523, 186156, 0
186523, 186157, 0
186523, 186158, 0
186523, 186159, 0
186523, 186160, 25
186523, 186161, 41
186523, 186162, 0
186523, 186163, 0
186523, 186164, 0
186523, 186165, 0
186523, 186166, 35
186523, 186167, 35
186523, 186168, 35
186523, 186169, 35
186523, 186170, 22
186523, 186171, 11
186523, 186172, 0
186523, 186173, 11
186523, 186174, 0
186523, 186175, 0
186523, 186176, 0
186523, 186177, 0
186523, 186178, 0
186523, 186179, 35
186523, 186180, 33
186523, 186181, 0
186523, 186182, 0
186523, 186183, 0
186523, 186184, 0
186523, 186185, 0
186523, 186186, 0
186523, 186187, 0
186523, 186188, 13
186523, 186189, 22
186523, 186190, 0
186523, 186191, 0
186523, 186192, 0
186523, 186193, 0
186523, 186194, 0
186523, 186195, 0
186523, 186196, 0
186523, 186197, 33
186523, 186198, 28
186523, 186199, 0
186523, 186200, 4
186523, 186201, 11
186523, 186202, 0
186523, 186203, 0
186523, 186204, 30
186523, 186205, 0
186523, 186206, 0
186523, 186207, 0
186523, 186208, 22
186523, 186209, 22
186523, 186210, 33
186523, 186211, 11
186523, 186212, 35
186523, 186213, 50
186525, 186133, 0
186525, 186134, 0
186525, 186135, 0
186525, 186136, 0
186525, 186137, 50
186525, 186138, 0
186525, 186139, 0
186525, 186140, 0
186525, 186141, 0
186525, 186142, 0
186525, 186143, 0
186525, 186144, 0
186525, 186145, 0
186525, 186146, 50
186525, 186147, 50
186525, 186148, 0
186525, 186149, 0
186525, 186150, 0
186525, 186151, 0
186525, 186152, 0
186525, 186153, 50
186525, 186154, 0
186525, 186155, 0
186525, 186156, 0
186525, 186157, 0
186525, 186158, 0
186525, 186159, 0
186525, 186160, 50
186525, 186161, 0
186525, 186162, 0
186525, 186163, 100
186525, 186164, 100
186525, 186165, 100
186525, 186166, 100
186525, 186167, 100
186525, 186168, 0
186525, 186169, 0
186525, 186170, 0
186525, 186171, 0
186525, 186172, 0
186525, 186173, 0
186525, 186174, 0
186525, 186175, 0
186525, 186176, 50
186525, 186177, 0
186525, 186178, 0
186525, 186179, 50
186525, 186180, 0
186525, 186181, 0
186525, 186182, 0
186525, 186183, 0
186525, 186184, 0
186525, 186185, 0
186525, 186186, 0
186525, 186187, 0
186525, 186188, 0
186525, 186189, 0
186525, 186190, 0
186525, 186191, 0
186525, 186192, 0
186525, 186193, 0
186525, 186194, 0
186525, 186195, 0
186525, 186196, 0
186525, 186197, 0
186525, 186198, 0
186525, 186199, 0
186525, 186200, 50
186525, 186201, 0
186525, 186202, 0
186525, 186203, 0
186525, 186204, 0
186525, 186205, 0
186525, 186206, 0
186525, 186207, 0
186525, 186208, 0
186525, 186209, 50
186525, 186210, 0
186525, 186211, 0
186525, 186212, 50
186525, 186213, 0
186521, 186133, 1
186521, 186134, 1
186521, 186135, 0
186521, 186136, 0
186521, 186137, 0
186521, 186138, 0
186521, 186139, 0
186521, 186140, 15
186521, 186141, 0
186521, 186142, 0
186521, 186143, 0
186521, 186144, 0
186521, 186145, 32
186521, 186146, 58
186521, 186147, 0
186521, 186148, 0
186521, 186149, 0
186521, 186150, 0
186521, 186151, 0
186521, 186152, 23
186521, 186153, 44
186521, 186154, 45
186521, 186155, 0
186521, 186156, 0
186521, 186157, 0
186521, 186158, 0
186521, 186159, 14
186521, 186160, 42
186521, 186161, 0
186521, 186162, 0
186521, 186163, 0
186521, 186164, 10
186521, 186165, 23
186521, 186166, 83
186521, 186167, 59
186521, 186168, 0
186521, 186169, 0
186521, 186170, 11
186521, 186171, 0
186521, 186172, 50
186521, 186173, 0
186521, 186174, 0
186521, 186175, 0
186521, 186176, 0
186521, 186177, 0
186521, 186178, 0
186521, 186179, 34
186521, 186180, 0
186521, 186181, 8
186521, 186182, 8
186521, 186183, 0
186521, 186184, 0
186521, 186185, 20
186521, 186186, 0
186521, 186187, 0
186521, 186188, 46
186521, 186189, 15
186521, 186190, 0
186521, 186191, 0
186521, 186192, 0
186521, 186193, 0
186521, 186194, 8
186521, 186195, 0
186521, 186196, 17
186521, 186197, 20
186521, 186198, 12
186521, 186199, 0
186521, 186200, 22
186521, 186201, 30
186521, 186202, 0
186521, 186203, 0
186521, 186204, 45
186521, 186205, 49
186521, 186206, 16
186521, 186207, 0
186521, 186208, 0
186521, 186209, 0
186521, 186210, 0
186521, 186211, 51
186521, 186212, 58
186521, 186213, 30
