96953, 98077, 20
96953, 98078, 0
96953, 98079, 49
96953, 98080, 0
96953, 98081, 45
96953, 98082, 0
96953, 98083, 0
96953, 98084, 191
96953, 98085, 95
96953, 98086, 0
96953, 98087, 0
96953, 98088, 82
96953, 98089, 215
96953, 98090, 188
96953, 98091, 0
96953, 98092, 104
96953, 98093, 11
96953, 98094, 0
96954, 98077, 0
96954, 98078, 0
96954, 98079, 0
96954, 98080, 0
96954, 98081, 0
96954, 98082, 116
96954, 98083, 219
96954, 98084, 121
96954, 98085, 219
96954, 98086, 108
96954, 98087, 134
96954, 98088, 0
96954, 98089, 0
96954, 98090, 49
96954, 98091, 0
96954, 98092, 34
96954, 98093, 0
96954, 98094, 0
