192332, 191990, 250
192332, 191991, 200
192332, 191992, 300
192332, 191993, 0
192332, 191994, 0
192332, 191995, 150
192332, 191996, 100
192332, 191997, 0
192333, 191990, 250
192333, 191991, 200
192333, 191992, 300
192333, 191993, 0
192333, 191994, 0
192333, 191995, 150
192333, 191996, 100
192333, 191997, 0
192334, 191990, 250
192334, 191991, 200
192334, 191992, 300
192334, 191993, 0
192334, 191994, 0
192334, 191995, 150
192334, 191996, 100
192334, 191997, 0
192335, 191990, 0
192335, 191991, 0
192335, 191992, 0
192335, 191993, 500
192335, 191994, 333
192335, 191995, 0
192335, 191996, 0
192335, 191997, 167
192336, 191990, 0
192336, 191991, 0
192336, 191992, 0
192336, 191993, 167
192336, 191994, 500
192336, 191995, 0
192336, 191996, 0
192336, 191997, 333
192339, 191990, 0
192339, 191991, 0
192339, 191992, 0
192339, 191993, 333
192339, 191994, 167
192339, 191995, 0
192339, 191996, 0
192339, 191997, 500
192337, 191990, 250
192337, 191991, 200
192337, 191992, 300
192337, 191993, 0
192337, 191994, 0
192337, 191995, 150
192337, 191996, 100
192337, 191997, 0
192338, 191990, 200
192338, 191991, 150
192338, 191992, 100
192338, 191993, 0
192338, 191994, 0
192338, 191995, 250
192338, 191996, 300
192338, 191997, 0
