189870, 189540, 222
189870, 189541, 194
189870, 189542, 167
189870, 189543, 139
189870, 189544, 111
189870, 189545, 83
189870, 189546, 56
189870, 189547, 28
189871, 189540, 194
189871, 189541, 222
189871, 189542, 167
189871, 189543, 139
189871, 189544, 111
189871, 189545, 83
189871, 189546, 56
189871, 189547, 28
189872, 189540, 194
189872, 189541, 167
189872, 189542, 222
189872, 189543, 139
189872, 189544, 111
189872, 189545, 83
189872, 189546, 56
189872, 189547, 28
189873, 189540, 194
189873, 189541, 167
189873, 189542, 139
189873, 189543, 222
189873, 189544, 111
189873, 189545, 83
189873, 189546, 56
189873, 189547, 28
189874, 189540, 194
189874, 189541, 167
189874, 189542, 139
189874, 189543, 111
189874, 189544, 222
189874, 189545, 83
189874, 189546, 56
189874, 189547, 28
189875, 189540, 194
189875, 189541, 167
189875, 189542, 139
189875, 189543, 111
189875, 189544, 83
189875, 189545, 222
189875, 189546, 56
189875, 189547, 28
189876, 189540, 194
189876, 189541, 167
189876, 189542, 139
189876, 189543, 111
189876, 189544, 83
189876, 189545, 56
189876, 189546, 222
189876, 189547, 28
189877, 189540, 28
189877, 189541, 56
189877, 189542, 83
189877, 189543, 111
189877, 189544, 139
189877, 189545, 167
189877, 189546, 194
189877, 189547, 222
