150887, 150284, 420
150887, 150285, 0
150887, 150286, 0
150887, 150287, 0
150887, 150288, 5
150887, 150289, 10
150887, 150290, 30
150887, 150291, 5
150887, 150292, 35
150887, 150293, 145
150887, 150294, 255
150887, 150295, 25
150887, 150296, 70
150888, 150284, 0
150888, 150285, 200
150888, 150286, 0
150888, 150287, 40
150888, 150288, 175
150888, 150289, 0
150888, 150290, 230
150888, 150291, 105
150888, 150292, 0
150888, 150293, 5
150888, 150294, 5
150888, 150295, 75
150888, 150296, 165
150889, 150284, 0
150889, 150285, 0
150889, 150286, 50
150889, 150287, 130
150889, 150288, 0
150889, 150289, 5
150889, 150290, 0
150889, 150291, 0
150889, 150292, 5
150889, 150293, 140
150889, 150294, 70
150889, 150295, 125
150889, 150296, 475
