9351, 9068, 6
9351, 9069, 12
9351, 9070, 20
9351, 9071, 20
9351, 9072, 13
9351, 9073, 7
9351, 9074, 0
9351, 9075, 7
9351, 9076, 7
9351, 9077, 131
9351, 9078, 26
9351, 9079, 52
9351, 9080, 7
9351, 9081, 0
9351, 9082, 196
9351, 9083, 39
9351, 9084, 131
9351, 9085, 39
9351, 9086, 39
9351, 9087, 196
9351, 9088, 13
9351, 9089, 39
9349, 9068, 4
9349, 9069, 10
9349, 9070, 0
9349, 9071, 54
9349, 9072, 23
9349, 9073, 0
9349, 9074, 0
9349, 9075, 25
9349, 9076, 0
9349, 9077, 258
9349, 9078, 260
9349, 9079, 49
9349, 9080, 0
9349, 9081, 0
9349, 9082, 16
9349, 9083, 30
9349, 9084, 181
9349, 9085, 0
9349, 9086, 20
9349, 9087, 0
9349, 9088, 22
9349, 9089, 48
9350, 9068, 17
9350, 9069, 0
9350, 9070, 0
9350, 9071, 0
9350, 9072, 427
9350, 9073, 0
9350, 9074, 0
9350, 9075, 0
9350, 9076, 0
9350, 9077, 94
9350, 9078, 171
9350, 9079, 0
9350, 9080, 0
9350, 9081, 0
9350, 9082, 198
9350, 9083, 0
9350, 9084, 0
9350, 9085, 0
9350, 9086, 0
9350, 9087, 0
9350, 9088, 0
9350, 9089, 93
