172052, 170935, 400
172052, 170936, 50
172052, 170937, 50
172052, 170938, 25
172052, 170939, 25
172052, 170940, 25
172052, 170941, 25
172052, 170942, 75
172052, 170943, 75
172052, 170944, 100
172052, 170945, 50
172052, 170946, 5
172052, 170947, 5
172052, 170948, 50
172052, 170949, 40
172052, 170950, 0
172053, 170935, 300
172053, 170936, 75
172053, 170937, 75
172053, 170938, 75
172053, 170939, 75
172053, 170940, 25
172053, 170941, 25
172053, 170942, 25
172053, 170943, 25
172053, 170944, 50
172053, 170945, 50
172053, 170946, 50
172053, 170947, 50
172053, 170948, 50
172053, 170949, 50
172053, 170950, 0
172054, 170935, 200
172054, 170936, 200
172054, 170937, 200
172054, 170938, 100
172054, 170939, 100
172054, 170940, 100
172054, 170941, 10
172054, 170942, 10
172054, 170943, 10
172054, 170944, 10
172054, 170945, 10
172054, 170946, 10
172054, 170947, 10
172054, 170948, 10
172054, 170949, 10
172054, 170950, 10
172055, 170935, 400
172055, 170936, 300
172055, 170937, 300
172055, 170938, 0
172055, 170939, 0
172055, 170940, 0
172055, 170941, 0
172055, 170942, 0
172055, 170943, 0
172055, 170944, 0
172055, 170945, 0
172055, 170946, 0
172055, 170947, 0
172055, 170948, 0
172055, 170949, 0
172055, 170950, 0
172056, 170935, 0
172056, 170936, 0
172056, 170937, 0
172056, 170938, 0
172056, 170939, 0
172056, 170940, 0
172056, 170941, 0
172056, 170942, 0
172056, 170943, 0
172056, 170944, 0
172056, 170945, 0
172056, 170946, 0
172056, 170947, 0
172056, 170948, 300
172056, 170949, 300
172056, 170950, 400
172057, 170935, 10
172057, 170936, 10
172057, 170937, 10
172057, 170938, 10
172057, 170939, 10
172057, 170940, 10
172057, 170941, 10
172057, 170942, 10
172057, 170943, 10
172057, 170944, 10
172057, 170945, 100
172057, 170946, 100
172057, 170947, 100
172057, 170948, 200
172057, 170949, 200
172057, 170950, 200
172058, 170935, 0
172058, 170936, 50
172058, 170937, 50
172058, 170938, 50
172058, 170939, 50
172058, 170940, 50
172058, 170941, 50
172058, 170942, 25
172058, 170943, 25
172058, 170944, 25
172058, 170945, 25
172058, 170946, 75
172058, 170947, 75
172058, 170948, 75
172058, 170949, 75
172058, 170950, 300
172059, 170935, 0
172059, 170936, 40
172059, 170937, 50
172059, 170938, 5
172059, 170939, 5
172059, 170940, 50
172059, 170941, 100
172059, 170942, 75
172059, 170943, 75
172059, 170944, 25
172059, 170945, 25
172059, 170946, 25
172059, 170947, 25
172059, 170948, 50
172059, 170949, 50
172059, 170950, 400
