183634, 183180, 211
183634, 183181, 244
183634, 183182, 270
183634, 183183, 126
183634, 183184, 51
183634, 183185, 49
183634, 183186, 49
183634, 183187, 0
183637, 183180, 418
183637, 183181, 286
183637, 183182, 148
183637, 183183, 148
183637, 183184, 0
183637, 183185, 0
183637, 183186, 0
183637, 183187, 0
183636, 183180, 266
183636, 183181, 110
183636, 183182, 149
183636, 183183, 127
183636, 183184, 75
183636, 183185, 88
183636, 183186, 97
183636, 183187, 88
183635, 183180, 140
183635, 183181, 149
183635, 183182, 146
183635, 183183, 94
183635, 183184, 0
183635, 183185, 205
183635, 183186, 68
183635, 183187, 198
