14296, 14723, 4
14296, 14724, 0
14296, 14725, 0
14296, 14726, 0
14296, 14727, 0
14296, 14728, 0
14296, 14729, 0
14296, 14730, 0
14296, 14731, 0
14296, 14732, 0
14296, 14733, 0
14296, 14734, 0
14296, 14735, 0
14296, 14736, 0
14296, 14737, 58
14296, 14738, 124
14296, 14739, 124
14296, 14740, 0
14296, 14741, 0
14296, 14742, 0
14296, 14743, 0
14296, 14744, 0
14296, 14745, 0
14296, 14746, 0
14296, 14747, 0
14296, 14748, 0
14296, 14749, 0
14296, 14750, 0
14296, 14751, 0
14296, 14752, 0
14296, 14753, 0
14296, 14754, 0
14296, 14755, 0
14296, 14756, 0
14296, 14757, 0
14296, 14758, 0
14296, 14759, 0
14296, 14760, 131
14296, 14761, 0
14296, 14762, 0
14296, 14763, 0
14296, 14764, 0
14296, 14765, 0
14296, 14766, 0
14296, 14767, 122
14296, 14768, 0
14296, 14769, 0
14296, 14770, 20
14296, 14771, 0
14296, 14772, 0
14296, 14773, 0
14296, 14774, 10
14296, 14775, 0
14296, 14776, 0
14296, 14777, 0
14296, 14778, 0
14296, 14779, 0
14296, 14780, 0
14296, 14781, 5
14296, 14782, 0
14296, 14783, 0
14296, 14784, 0
14296, 14785, 0
14296, 14786, 0
14296, 14787, 0
14296, 14788, 64
14296, 14789, 130
14296, 14790, 0
14296, 14791, 0
14296, 14792, 0
14296, 14793, 0
14296, 14794, 0
14296, 14795, 0
14296, 14796, 15
14296, 14797, 0
14296, 14798, 112
14296, 14799, 0
14296, 14800, 0
14296, 14801, 48
14296, 14802, 0
14296, 14803, 0
14296, 14804, 0
14296, 14805, 0
14296, 14806, 0
14296, 14807, 0
14296, 14808, 33
14296, 14809, 0
14296, 14810, 0
14296, 14811, 0
14296, 14812, 0
14296, 14813, 0
14296, 14814, 0
14296, 14815, 0
14294, 14723, 0
14294, 14724, 40
14294, 14725, 1
14294, 14726, 68
14294, 14727, 0
14294, 14728, 36
14294, 14729, 7
14294, 14730, 33
14294, 14731, 26
14294, 14732, 0
14294, 14733, 0
14294, 14734, 0
14294, 14735, 61
14294, 14736, 8
14294, 14737, 0
14294, 14738, 30
14294, 14739, 26
14294, 14740, 26
14294, 14741, 25
14294, 14742, 0
14294, 14743, 9
14294, 14744, 0
14294, 14745, 0
14294, 14746, 0
14294, 14747, 0
14294, 14748, 0
14294, 14749, 0
14294, 14750, 0
14294, 14751, 0
14294, 14752, 24
14294, 14753, 0
14294, 14754, 23
14294, 14755, 0
14294, 14756, 0
14294, 14757, 0
14294, 14758, 4
14294, 14759, 9
14294, 14760, 31
14294, 14761, 26
14294, 14762, 15
14294, 14763, 0
14294, 14764, 72
14294, 14765, 0
14294, 14766, 0
14294, 14767, 0
14294, 14768, 0
14294, 14769, 0
14294, 14770, 0
14294, 14771, 7
14294, 14772, 17
14294, 14773, 0
14294, 14774, 0
14294, 14775, 0
14294, 14776, 0
14294, 14777, 22
14294, 14778, 0
14294, 14779, 15
14294, 14780, 0
14294, 14781, 0
14294, 14782, 0
14294, 14783, 0
14294, 14784, 92
14294, 14785, 0
14294, 14786, 58
14294, 14787, 0
14294, 14788, 0
14294, 14789, 26
14294, 14790, 0
14294, 14791, 0
14294, 14792, 8
14294, 14793, 0
14294, 14794, 0
14294, 14795, 23
14294, 14796, 0
14294, 14797, 17
14294, 14798, 0
14294, 14799, 17
14294, 14800, 0
14294, 14801, 0
14294, 14802, 0
14294, 14803, 15
14294, 14804, 0
14294, 14805, 0
14294, 14806, 15
14294, 14807, 0
14294, 14808, 0
14294, 14809, 0
14294, 14810, 0
14294, 14811, 0
14294, 14812, 17
14294, 14813, 33
14294, 14814, 9
14294, 14815, 9
14295, 14723, 17
14295, 14724, 1
14295, 14725, 2
14295, 14726, 66
14295, 14727, 0
14295, 14728, 0
14295, 14729, 1
14295, 14730, 53
14295, 14731, 21
14295, 14732, 0
14295, 14733, 1
14295, 14734, 1
14295, 14735, 0
14295, 14736, 0
14295, 14737, 29
14295, 14738, 1
14295, 14739, 0
14295, 14740, 0
14295, 14741, 0
14295, 14742, 0
14295, 14743, 0
14295, 14744, 0
14295, 14745, 0
14295, 14746, 0
14295, 14747, 7
14295, 14748, 0
14295, 14749, 0
14295, 14750, 0
14295, 14751, 18
14295, 14752, 42
14295, 14753, 15
14295, 14754, 33
14295, 14755, 59
14295, 14756, 0
14295, 14757, 0
14295, 14758, 1
14295, 14759, 0
14295, 14760, 5
14295, 14761, 159
14295, 14762, 7
14295, 14763, 42
14295, 14764, 0
14295, 14765, 0
14295, 14766, 42
14295, 14767, 28
14295, 14768, 40
14295, 14769, 0
14295, 14770, 1
14295, 14771, 8
14295, 14772, 16
14295, 14773, 0
14295, 14774, 0
14295, 14775, 0
14295, 14776, 0
14295, 14777, 42
14295, 14778, 0
14295, 14779, 1
14295, 14780, 40
14295, 14781, 16
14295, 14782, 16
14295, 14783, 0
14295, 14784, 1
14295, 14785, 0
14295, 14786, 0
14295, 14787, 0
14295, 14788, 16
14295, 14789, 29
14295, 14790, 16
14295, 14791, 0
14295, 14792, 1
14295, 14793, 1
14295, 14794, 0
14295, 14795, 1
14295, 14796, 17
14295, 14797, 1
14295, 14798, 0
14295, 14799, 0
14295, 14800, 0
14295, 14801, 20
14295, 14802, 16
14295, 14803, 0
14295, 14804, 0
14295, 14805, 0
14295, 14806, 0
14295, 14807, 0
14295, 14808, 0
14295, 14809, 13
14295, 14810, 0
14295, 14811, 0
14295, 14812, 21
14295, 14813, 15
14295, 14814, 0
14295, 14815, 1
