46528, 48270, 103
46528, 48271, 98
46528, 48272, 93
46528, 48273, 88
46528, 48274, 83
46528, 48275, 80
46528, 48276, 68
46528, 48277, 65
46528, 48278, 57
46528, 48279, 54
46528, 48280, 51
46528, 48281, 45
46528, 48282, 38
46528, 48283, 32
46528, 48284, 23
46528, 48285, 22
46528, 48286, 0
46529, 48270, 109
46529, 48271, 102
46529, 48272, 96
46529, 48273, 91
46529, 48274, 84
46529, 48275, 75
46529, 48276, 64
46529, 48277, 70
46529, 48278, 22
46529, 48279, 31
46529, 48280, 16
46529, 48281, 0
46529, 48282, 59
46529, 48283, 40
46529, 48284, 49
46529, 48285, 6
46529, 48286, 86
