192340, 191998, 250
192340, 191999, 200
192340, 192000, 300
192340, 192001, 0
192340, 192002, 0
192340, 192003, 150
192340, 192004, 100
192340, 192005, 0
192341, 191998, 250
192341, 191999, 200
192341, 192000, 300
192341, 192001, 0
192341, 192002, 0
192341, 192003, 150
192341, 192004, 100
192341, 192005, 0
192342, 191998, 250
192342, 191999, 200
192342, 192000, 300
192342, 192001, 0
192342, 192002, 0
192342, 192003, 150
192342, 192004, 100
192342, 192005, 0
192345, 191998, 250
192345, 191999, 200
192345, 192000, 300
192345, 192001, 0
192345, 192002, 0
192345, 192003, 150
192345, 192004, 100
192345, 192005, 0
192346, 191998, 250
192346, 191999, 200
192346, 192000, 300
192346, 192001, 0
192346, 192002, 0
192346, 192003, 150
192346, 192004, 100
192346, 192005, 0
192343, 191998, 0
192343, 191999, 0
192343, 192000, 0
192343, 192001, 500
192343, 192002, 333
192343, 192003, 0
192343, 192004, 0
192343, 192005, 167
192344, 191998, 0
192344, 191999, 0
192344, 192000, 0
192344, 192001, 167
192344, 192002, 500
192344, 192003, 0
192344, 192004, 0
192344, 192005, 333
192347, 191998, 0
192347, 191999, 0
192347, 192000, 0
192347, 192001, 333
192347, 192002, 167
192347, 192003, 0
192347, 192004, 0
192347, 192005, 500
