172087, 170974, 200
172087, 170975, 100
172087, 170976, 50
172087, 170977, 50
172087, 170978, 300
172087, 170979, 50
172087, 170980, 25
172087, 170981, 25
172087, 170982, 25
172087, 170983, 25
172087, 170984, 0
172087, 170985, 0
172087, 170986, 50
172087, 170987, 50
172087, 170988, 50
172087, 170989, 0
172088, 170974, 0
172088, 170975, 50
172088, 170976, 100
172088, 170977, 200
172088, 170978, 25
172088, 170979, 50
172088, 170980, 50
172088, 170981, 25
172088, 170982, 25
172088, 170983, 50
172088, 170984, 300
172088, 170985, 25
172088, 170986, 0
172088, 170987, 0
172088, 170988, 50
172088, 170989, 50
172089, 170974, 200
172089, 170975, 50
172089, 170976, 300
172089, 170977, 0
172089, 170978, 50
172089, 170979, 25
172089, 170980, 50
172089, 170981, 50
172089, 170982, 0
172089, 170983, 50
172089, 170984, 25
172089, 170985, 50
172089, 170986, 100
172089, 170987, 25
172089, 170988, 25
172089, 170989, 0
172090, 170974, 0
172090, 170975, 25
172090, 170976, 50
172090, 170977, 50
172090, 170978, 50
172090, 170979, 100
172090, 170980, 200
172090, 170981, 300
172090, 170982, 50
172090, 170983, 50
172090, 170984, 50
172090, 170985, 25
172090, 170986, 25
172090, 170987, 25
172090, 170988, 0
172090, 170989, 0
172091, 170974, 50
172091, 170975, 300
172091, 170976, 25
172091, 170977, 0
172091, 170978, 100
172091, 170979, 50
172091, 170980, 50
172091, 170981, 200
172091, 170982, 0
172091, 170983, 0
172091, 170984, 25
172091, 170985, 50
172091, 170986, 50
172091, 170987, 25
172091, 170988, 25
172091, 170989, 50
172094, 170974, 200
172094, 170975, 300
172094, 170976, 0
172094, 170977, 100
172094, 170978, 0
172094, 170979, 0
172094, 170980, 50
172094, 170981, 50
172094, 170982, 25
172094, 170983, 50
172094, 170984, 50
172094, 170985, 50
172094, 170986, 50
172094, 170987, 25
172094, 170988, 25
172094, 170989, 25
172092, 170974, 50
172092, 170975, 0
172092, 170976, 25
172092, 170977, 25
172092, 170978, 300
172092, 170979, 50
172092, 170980, 25
172092, 170981, 0
172092, 170982, 50
172092, 170983, 200
172092, 170984, 100
172092, 170985, 50
172092, 170986, 50
172092, 170987, 25
172092, 170988, 0
172092, 170989, 50
172093, 170974, 200
172093, 170975, 50
172093, 170976, 300
172093, 170977, 100
172093, 170978, 0
172093, 170979, 50
172093, 170980, 50
172093, 170981, 0
172093, 170982, 25
172093, 170983, 50
172093, 170984, 50
172093, 170985, 25
172093, 170986, 50
172093, 170987, 25
172093, 170988, 25
172093, 170989, 0
