218653, 217443, 40
218653, 217444, 49
218653, 217445, 77
218653, 217446, 15
218653, 217447, 303
218653, 217448, 271
218653, 217449, 245
218654, 217443, 40
218654, 217444, 49
218654, 217445, 77
218654, 217446, 15
218654, 217447, 303
218654, 217448, 271
218654, 217449, 245
218655, 217443, 40
218655, 217444, 49
218655, 217445, 77
218655, 217446, 15
218655, 217447, 303
218655, 217448, 271
218655, 217449, 245
218656, 217443, 40
218656, 217444, 49
218656, 217445, 77
218656, 217446, 15
218656, 217447, 303
218656, 217448, 271
218656, 217449, 245
218657, 217443, 40
218657, 217444, 49
218657, 217445, 77
218657, 217446, 15
218657, 217447, 303
218657, 217448, 271
218657, 217449, 245
218658, 217443, 40
218658, 217444, 49
218658, 217445, 77
218658, 217446, 15
218658, 217447, 303
218658, 217448, 271
218658, 217449, 245
