192324, 191982, 300
192324, 191983, 100
192324, 191984, 250
192324, 191985, 0
192324, 191986, 0
192324, 191987, 200
192324, 191988, 150
192324, 191989, 0
192326, 191982, 250
192326, 191983, 200
192326, 191984, 300
192326, 191985, 0
192326, 191986, 0
192326, 191987, 150
192326, 191988, 100
192326, 191989, 0
192327, 191982, 0
192327, 191983, 0
192327, 191984, 0
192327, 191985, 500
192327, 191986, 333
192327, 191987, 0
192327, 191988, 0
192327, 191989, 167
192328, 191982, 0
192328, 191983, 0
192328, 191984, 0
192328, 191985, 167
192328, 191986, 500
192328, 191987, 0
192328, 191988, 0
192328, 191989, 333
192331, 191982, 0
192331, 191983, 0
192331, 191984, 0
192331, 191985, 333
192331, 191986, 167
192331, 191987, 0
192331, 191988, 0
192331, 191989, 500
192330, 191982, 200
192330, 191983, 150
192330, 191984, 100
192330, 191985, 0
192330, 191986, 0
192330, 191987, 250
192330, 191988, 300
192330, 191989, 0
192329, 191982, 300
192329, 191983, 100
192329, 191984, 250
192329, 191985, 0
192329, 191986, 0
192329, 191987, 200
192329, 191988, 150
192329, 191989, 0
192325, 191982, 100
192325, 191983, 300
192325, 191984, 250
192325, 191985, 0
192325, 191986, 0
192325, 191987, 200
192325, 191988, 150
192325, 191989, 0
