19587, 20814, 180
19587, 20815, 110
19587, 20816, 470
19587, 20817, 170
19587, 20818, 10
19587, 20819, 20
19587, 20820, 20
19587, 20821, 10
19587, 20822, 10
19588, 20814, 430
19588, 20815, 400
19588, 20816, 60
19588, 20817, 10
19588, 20818, 60
19588, 20819, 10
19588, 20820, 10
19588, 20821, 10
19588, 20822, 10
19589, 20814, 740
19589, 20815, 120
19589, 20816, 40
19589, 20817, 40
19589, 20818, 20
19589, 20819, 10
19589, 20820, 10
19589, 20821, 10
19589, 20822, 10
19590, 20814, 880
19590, 20815, 50
19590, 20816, 10
19590, 20817, 10
19590, 20818, 10
19590, 20819, 10
19590, 20820, 10
19590, 20821, 10
19590, 20822, 10
19591, 20814, 720
19591, 20815, 110
19591, 20816, 20
19591, 20817, 10
19591, 20818, 80
19591, 20819, 20
19591, 20820, 10
19591, 20821, 20
19591, 20822, 10
