249145, 248741, 84
249145, 248742, 52
249145, 248743, 52
249145, 248744, 26
249145, 248745, 87
249145, 248746, 23
249145, 248747, 57
249145, 248748, 77
249145, 248749, 19
249145, 248750, 523
249146, 248741, 84
249146, 248742, 52
249146, 248743, 52
249146, 248744, 24
249146, 248745, 87
249146, 248746, 23
249146, 248747, 57
249146, 248748, 77
249146, 248749, 19
249146, 248750, 525
249147, 248741, 78
249147, 248742, 66
249147, 248743, 50
249147, 248744, 23
249147, 248745, 83
249147, 248746, 25
249147, 248747, 66
249147, 248748, 91
249147, 248749, 21
249147, 248750, 497
249148, 248741, 84
249148, 248742, 52
249148, 248743, 52
249148, 248744, 24
249148, 248745, 87
249148, 248746, 23
249148, 248747, 57
249148, 248748, 77
249148, 248749, 19
249148, 248750, 525
249149, 248741, 97
249149, 248742, 53
249149, 248743, 53
249149, 248744, 20
249149, 248745, 151
249149, 248746, 20
249149, 248747, 60
249149, 248748, 68
249149, 248749, 26
249149, 248750, 452
249150, 248741, 97
249150, 248742, 53
249150, 248743, 53
249150, 248744, 20
249150, 248745, 151
249150, 248746, 20
249150, 248747, 60
249150, 248748, 68
249150, 248749, 26
249150, 248750, 452
249151, 248741, 84
249151, 248742, 52
249151, 248743, 52
249151, 248744, 24
249151, 248745, 87
249151, 248746, 23
249151, 248747, 57
249151, 248748, 77
249151, 248749, 19
249151, 248750, 525
