86762, 87142, 1
86762, 87143, 0
86762, 87144, 0
86762, 87145, 0
86762, 87146, 0
86762, 87147, 444
86762, 87148, 0
86762, 87149, 0
86762, 87150, 0
86762, 87151, 0
86762, 87152, 0
86762, 87153, 333
86762, 87154, 222
86762, 87155, 0
86762, 87156, 0
86763, 87142, 334
86763, 87143, 0
86763, 87144, 0
86763, 87145, 0
86763, 87146, 444
86763, 87147, 0
86763, 87148, 0
86763, 87149, 0
86763, 87150, 0
86763, 87151, 0
86763, 87152, 0
86763, 87153, 222
86763, 87154, 0
86763, 87155, 0
86763, 87156, 0
86764, 87142, 223
86764, 87143, 0
86764, 87144, 0
86764, 87145, 0
86764, 87146, 0
86764, 87147, 0
86764, 87148, 444
86764, 87149, 0
86764, 87150, 0
86764, 87151, 0
86764, 87152, 0
86764, 87153, 0
86764, 87154, 333
86764, 87155, 0
86764, 87156, 0
86765, 87142, 1
86765, 87143, 444
86765, 87144, 0
86765, 87145, 0
86765, 87146, 0
86765, 87147, 222
86765, 87148, 0
86765, 87149, 0
86765, 87150, 333
86765, 87151, 0
86765, 87152, 0
86765, 87153, 0
86765, 87154, 0
86765, 87155, 0
86765, 87156, 0
86766, 87142, 1
86766, 87143, 0
86766, 87144, 0
86766, 87145, 0
86766, 87146, 0
86766, 87147, 0
86766, 87148, 0
86766, 87149, 0
86766, 87150, 0
86766, 87151, 0
86766, 87152, 333
86766, 87153, 222
86766, 87154, 444
86766, 87155, 0
86766, 87156, 0
86767, 87142, 1
86767, 87143, 222
86767, 87144, 0
86767, 87145, 0
86767, 87146, 0
86767, 87147, 0
86767, 87148, 0
86767, 87149, 0
86767, 87150, 333
86767, 87151, 0
86767, 87152, 0
86767, 87153, 0
86767, 87154, 0
86767, 87155, 444
86767, 87156, 0
86768, 87142, 223
86768, 87143, 0
86768, 87144, 0
86768, 87145, 444
86768, 87146, 0
86768, 87147, 0
86768, 87148, 333
86768, 87149, 0
86768, 87150, 0
86768, 87151, 0
86768, 87152, 0
86768, 87153, 0
86768, 87154, 0
86768, 87155, 0
86768, 87156, 0
86769, 87142, 1
86769, 87143, 0
86769, 87144, 444
86769, 87145, 0
86769, 87146, 0
86769, 87147, 0
86769, 87148, 0
86769, 87149, 0
86769, 87150, 0
86769, 87151, 333
86769, 87152, 222
86769, 87153, 0
86769, 87154, 0
86769, 87155, 0
86769, 87156, 0
86770, 87142, 1
86770, 87143, 0
86770, 87144, 0
86770, 87145, 0
86770, 87146, 0
86770, 87147, 0
86770, 87148, 0
86770, 87149, 0
86770, 87150, 0
86770, 87151, 0
86770, 87152, 0
86770, 87153, 333
86770, 87154, 222
86770, 87155, 444
86770, 87156, 0
86771, 87142, 1
86771, 87143, 0
86771, 87144, 0
86771, 87145, 0
86771, 87146, 0
86771, 87147, 0
86771, 87148, 0
86771, 87149, 0
86771, 87150, 0
86771, 87151, 0
86771, 87152, 333
86771, 87153, 444
86771, 87154, 222
86771, 87155, 0
86771, 87156, 0
86772, 87142, 1
86772, 87143, 0
86772, 87144, 333
86772, 87145, 0
86772, 87146, 0
86772, 87147, 444
86772, 87148, 0
86772, 87149, 0
86772, 87150, 0
86772, 87151, 0
86772, 87152, 0
86772, 87153, 222
86772, 87154, 0
86772, 87155, 0
86772, 87156, 0
86773, 87142, 1
86773, 87143, 444
86773, 87144, 0
86773, 87145, 0
86773, 87146, 0
86773, 87147, 0
86773, 87148, 333
86773, 87149, 0
86773, 87150, 0
86773, 87151, 0
86773, 87152, 0
86773, 87153, 222
86773, 87154, 0
86773, 87155, 0
86773, 87156, 0
86774, 87142, 334
86774, 87143, 0
86774, 87144, 0
86774, 87145, 0
86774, 87146, 0
86774, 87147, 0
86774, 87148, 222
86774, 87149, 0
86774, 87150, 0
86774, 87151, 0
86774, 87152, 0
86774, 87153, 0
86774, 87154, 444
86774, 87155, 0
86774, 87156, 0
86775, 87142, 1
86775, 87143, 0
86775, 87144, 0
86775, 87145, 444
86775, 87146, 0
86775, 87147, 0
86775, 87148, 0
86775, 87149, 0
86775, 87150, 0
86775, 87151, 0
86775, 87152, 0
86775, 87153, 333
86775, 87154, 0
86775, 87155, 0
86775, 87156, 222
86776, 87142, 223
86776, 87143, 0
86776, 87144, 0
86776, 87145, 0
86776, 87146, 0
86776, 87147, 0
86776, 87148, 0
86776, 87149, 0
86776, 87150, 0
86776, 87151, 0
86776, 87152, 0
86776, 87153, 333
86776, 87154, 444
86776, 87155, 0
86776, 87156, 0
