150875, 150248, 476
150875, 150249, 524
150875, 150250, 0
150875, 150251, 0
150875, 150252, 0
150875, 150253, 0
150875, 150254, 0
150875, 150255, 0
150875, 150256, 0
150875, 150257, 0
150877, 150248, 51
150877, 150249, 56
150877, 150250, 119
150877, 150251, 0
150877, 150252, 109
150877, 150253, 0
150877, 150254, 2
150877, 150255, 337
150877, 150256, 155
150877, 150257, 171
150876, 150248, 0
150876, 150249, 117
150876, 150250, 118
150876, 150251, 309
150876, 150252, 0
150876, 150253, 243
150876, 150254, 0
150876, 150255, 213
150876, 150256, 0
150876, 150257, 0
