49527, 51315, 0
49527, 51316, 0
49527, 51317, 0
49527, 51318, 0
49527, 51319, 0
49527, 51320, 0
49527, 51321, 0
49527, 51322, 149
49527, 51323, 0
49527, 51324, 103
49527, 51325, 0
49527, 51326, 0
49527, 51327, 0
49527, 51328, 0
49527, 51329, 0
49527, 51330, 0
49527, 51331, 0
49527, 51332, 0
49527, 51333, 0
49527, 51334, 0
49527, 51335, 0
49527, 51336, 0
49527, 51337, 0
49527, 51338, 0
49527, 51339, 345
49527, 51340, 403
49528, 51315, 31
49528, 51316, 45
49528, 51317, 32
49528, 51318, 64
49528, 51319, 57
49528, 51320, 0
49528, 51321, 0
49528, 51322, 0
49528, 51323, 0
49528, 51324, 117
49528, 51325, 32
49528, 51326, 0
49528, 51327, 0
49528, 51328, 224
49528, 51329, 160
49528, 51330, 103
49528, 51331, 0
49528, 51332, 0
49528, 51333, 0
49528, 51334, 0
49528, 51335, 0
49528, 51336, 0
49528, 51337, 0
49528, 51338, 0
49528, 51339, 96
49528, 51340, 39
