172062, 170953, 500
172062, 170954, 200
172062, 170955, 100
172062, 170956, 50
172062, 170957, 50
172062, 170958, 50
172062, 170959, 50
172062, 170960, 0
172062, 170961, 0
172062, 170962, 0
172062, 170963, 0
172062, 170964, 0
172062, 170965, 0
172062, 170966, 0
172062, 170967, 0
172063, 170953, 300
172063, 170954, 0
172063, 170955, 0
172063, 170956, 100
172063, 170957, 100
172063, 170958, 0
172063, 170959, 0
172063, 170960, 500
172063, 170961, 0
172063, 170962, 0
172063, 170963, 0
172063, 170964, 0
172063, 170965, 0
172063, 170966, 0
172063, 170967, 0
172064, 170953, 0
172064, 170954, 0
172064, 170955, 400
172064, 170956, 0
172064, 170957, 200
172064, 170958, 0
172064, 170959, 0
172064, 170960, 0
172064, 170961, 100
172064, 170962, 100
172064, 170963, 100
172064, 170964, 100
172064, 170965, 0
172064, 170966, 0
172064, 170967, 0
172065, 170953, 400
172065, 170954, 0
172065, 170955, 100
172065, 170956, 0
172065, 170957, 100
172065, 170958, 0
172065, 170959, 100
172065, 170960, 200
172065, 170961, 0
172065, 170962, 0
172065, 170963, 0
172065, 170964, 0
172065, 170965, 0
172065, 170966, 50
172065, 170967, 50
172066, 170953, 0
172066, 170954, 0
172066, 170955, 0
172066, 170956, 0
172066, 170957, 0
172066, 170958, 0
172066, 170959, 0
172066, 170960, 0
172066, 170961, 50
172066, 170962, 50
172066, 170963, 0
172066, 170964, 0
172066, 170965, 100
172066, 170966, 400
172066, 170967, 400
172067, 170953, 100
172067, 170954, 100
172067, 170955, 0
172067, 170956, 0
172067, 170957, 0
172067, 170958, 200
172067, 170959, 400
172067, 170960, 0
172067, 170961, 0
172067, 170962, 0
172067, 170963, 100
172067, 170964, 100
172067, 170965, 0
172067, 170966, 0
172067, 170967, 0
172068, 170953, 100
172068, 170954, 100
172068, 170955, 100
172068, 170956, 100
172068, 170957, 100
172068, 170958, 100
172068, 170959, 50
172068, 170960, 50
172068, 170961, 50
172068, 170962, 75
172068, 170963, 75
172068, 170964, 50
172068, 170965, 50
172068, 170966, 0
172068, 170967, 0
