103177, 104008, 143
103177, 104009, 238
103177, 104010, 0
103177, 104011, 0
103177, 104012, 0
103177, 104013, 0
103177, 104014, 48
103177, 104015, 95
103177, 104016, 286
103177, 104017, 0
103177, 104018, 190
103177, 104019, 0
103178, 104008, 190
103178, 104009, 286
103178, 104010, 95
103178, 104011, 48
103178, 104012, 0
103178, 104013, 0
103178, 104014, 0
103178, 104015, 0
103178, 104016, 238
103178, 104017, 143
103178, 104018, 0
103178, 104019, 0
103181, 104008, 286
103181, 104009, 143
103181, 104010, 0
103181, 104011, 0
103181, 104012, 95
103181, 104013, 48
103181, 104014, 0
103181, 104015, 0
103181, 104016, 190
103181, 104017, 238
103181, 104018, 0
103181, 104019, 0
103183, 104008, 143
103183, 104009, 286
103183, 104010, 0
103183, 104011, 0
103183, 104012, 0
103183, 104013, 0
103183, 104014, 95
103183, 104015, 238
103183, 104016, 190
103183, 104017, 0
103183, 104018, 48
103183, 104019, 0
103185, 104008, 0
103185, 104009, 286
103185, 104010, 0
103185, 104011, 238
103185, 104012, 0
103185, 104013, 190
103185, 104014, 0
103185, 104015, 143
103185, 104016, 95
103185, 104017, 0
103185, 104018, 48
103185, 104019, 0
103182, 104008, 190
103182, 104009, 286
103182, 104010, 0
103182, 104011, 0
103182, 104012, 0
103182, 104013, 0
103182, 104014, 143
103182, 104015, 238
103182, 104016, 95
103182, 104017, 48
103182, 104018, 0
103182, 104019, 0
103184, 104008, 190
103184, 104009, 238
103184, 104010, 0
103184, 104011, 0
103184, 104012, 0
103184, 104013, 48
103184, 104014, 0
103184, 104015, 143
103184, 104016, 286
103184, 104017, 95
103184, 104018, 0
103184, 104019, 0
103179, 104008, 0
103179, 104009, 0
103179, 104010, 0
103179, 104011, 0
103179, 104012, 190
103179, 104013, 143
103179, 104014, 95
103179, 104015, 48
103179, 104016, 0
103179, 104017, 0
103179, 104018, 286
103179, 104019, 238
103186, 104008, 48
103186, 104009, 190
103186, 104010, 0
103186, 104011, 286
103186, 104012, 0
103186, 104013, 143
103186, 104014, 0
103186, 104015, 238
103186, 104016, 95
103186, 104017, 0
103186, 104018, 0
103186, 104019, 0
103180, 104008, 0
103180, 104009, 0
103180, 104010, 250
103180, 104011, 0
103180, 104012, 250
103180, 104013, 0
103180, 104014, 250
103180, 104015, 0
103180, 104016, 0
103180, 104017, 0
103180, 104018, 0
103180, 104019, 250
103187, 104008, 0
103187, 104009, 0
103187, 104010, 250
103187, 104011, 0
103187, 104012, 250
103187, 104013, 0
103187, 104014, 250
103187, 104015, 0
103187, 104016, 0
103187, 104017, 0
103187, 104018, 0
103187, 104019, 250
