561, 610, 182
561, 611, 164
561, 612, 145
561, 613, 127
561, 614, 109
561, 615, 91
561, 616, 73
561, 617, 18
561, 618, 36
561, 619, 55
562, 610, 18
562, 611, 73
562, 612, 36
562, 613, 55
562, 614, 145
562, 615, 127
562, 616, 109
562, 617, 182
562, 618, 164
562, 619, 91
563, 610, 105
563, 611, 140
563, 612, 123
563, 613, 53
563, 614, 88
563, 615, 35
563, 616, 158
563, 617, 53
563, 618, 70
563, 619, 175
564, 610, 164
564, 611, 127
564, 612, 145
564, 613, 109
564, 614, 73
564, 615, 55
564, 616, 91
564, 617, 18
564, 618, 36
564, 619, 182
