90488, 91197, 667
90488, 91198, 0
90488, 91199, 333
90489, 91197, 667
90489, 91198, 0
90489, 91199, 333
90490, 91197, 667
90490, 91198, 333
90490, 91199, 0
90491, 91197, 333
90491, 91198, 667
90491, 91199, 0
90492, 91197, 667
90492, 91198, 333
90492, 91199, 0
90493, 91197, 667
90493, 91198, 333
90493, 91199, 0
90494, 91197, 333
90494, 91198, 0
90494, 91199, 667
90495, 91197, 333
90495, 91198, 667
90495, 91199, 0
90496, 91197, 667
90496, 91198, 333
90496, 91199, 0
90497, 91197, 667
90497, 91198, 333
90497, 91199, 0
90498, 91197, 667
90498, 91198, 333
90498, 91199, 0
90499, 91197, 667
90499, 91198, 0
90499, 91199, 333
90500, 91197, 0
90500, 91198, 333
90500, 91199, 667
90501, 91197, 333
90501, 91198, 667
90501, 91199, 0
90502, 91197, 667
90502, 91198, 0
90502, 91199, 333
