46571, 48325, 0
46571, 48326, 93
46571, 48327, 90
46571, 48328, 86
46571, 48329, 82
46571, 48330, 74
46571, 48331, 70
46571, 48332, 78
46571, 48333, 66
46571, 48334, 63
46571, 48335, 59
46571, 48336, 55
46571, 48337, 55
46571, 48338, 47
46571, 48339, 43
46571, 48340, 39
46572, 48325, 1
46572, 48326, 96
46572, 48327, 75
46572, 48328, 91
46572, 48329, 40
46572, 48330, 43
46572, 48331, 63
46572, 48332, 87
46572, 48333, 47
46572, 48334, 79
46572, 48335, 83
46572, 48336, 67
46572, 48337, 47
46572, 48338, 51
46572, 48339, 59
46572, 48340, 71
