229985, 228893, 5
229985, 228894, 0
229985, 228895, 0
229985, 228896, 30
229985, 228897, 31
229985, 228898, 0
229985, 228899, 0
229985, 228900, 0
229985, 228901, 0
229985, 228902, 0
229985, 228903, 0
229985, 228904, 11
229985, 228905, 0
229985, 228906, 47
229985, 228907, 0
229985, 228908, 0
229985, 228909, 0
229985, 228910, 14
229985, 228911, 17
229985, 228912, 38
229985, 228913, 50
229985, 228914, 75
229985, 228915, 28
229985, 228916, 56
229985, 228917, 0
229985, 228918, 6
229985, 228919, 57
229985, 228920, 1
229985, 228921, 0
229985, 228922, 6
229985, 228923, 0
229985, 228924, 0
229985, 228925, 104
229985, 228926, 14
229985, 228927, 20
229985, 228928, 33
229985, 228929, 0
229985, 228930, 0
229985, 228931, 0
229985, 228932, 0
229985, 228933, 12
229985, 228934, 0
229985, 228935, 101
229985, 228936, 0
229985, 228937, 16
229985, 228938, 7
229985, 228939, 104
229985, 228940, 0
229985, 228941, 3
229985, 228942, 14
229985, 228943, 0
229985, 228944, 25
229985, 228945, 75
229985, 228946, 0
229985, 228947, 0
229986, 228893, 0
229986, 228894, 38
229986, 228895, 10
229986, 228896, 0
229986, 228897, 1
229986, 228898, 43
229986, 228899, 44
229986, 228900, 43
229986, 228901, 44
229986, 228902, 5
229986, 228903, 41
229986, 228904, 25
229986, 228905, 56
229986, 228906, 58
229986, 228907, 17
229986, 228908, 0
229986, 228909, 0
229986, 228910, 7
229986, 228911, 7
229986, 228912, 0
229986, 228913, 0
229986, 228914, 0
229986, 228915, 5
229986, 228916, 47
229986, 228917, 21
229986, 228918, 0
229986, 228919, 0
229986, 228920, 0
229986, 228921, 0
229986, 228922, 22
229986, 228923, 21
229986, 228924, 9
229986, 228925, 0
229986, 228926, 0
229986, 228927, 30
229986, 228928, 0
229986, 228929, 0
229986, 228930, 26
229986, 228931, 0
229986, 228932, 48
229986, 228933, 0
229986, 228934, 0
229986, 228935, 0
229986, 228936, 41
229986, 228937, 30
229986, 228938, 25
229986, 228939, 31
229986, 228940, 47
229986, 228941, 22
229986, 228942, 35
229986, 228943, 2
229986, 228944, 0
229986, 228945, 48
229986, 228946, 13
229986, 228947, 38
