3227, 3105, 0
3227, 3106, 10
3227, 3107, 10
3227, 3108, 10
3227, 3109, 10
3227, 3110, 0
3227, 3111, 100
3227, 3112, 300
3227, 3113, 20
3227, 3114, 20
3227, 3115, 10
3227, 3116, 10
3227, 3117, 500
3227, 3118, 0
3227, 3119, 0
3227, 3120, 0
3227, 3121, 0
3225, 3105, 0
3225, 3106, 0
3225, 3107, 0
3225, 3108, 0
3225, 3109, 0
3225, 3110, 0
3225, 3111, 238
3225, 3112, 0
3225, 3113, 183
3225, 3114, 86
3225, 3115, 138
3225, 3116, 0
3225, 3117, 174
3225, 3118, 0
3225, 3119, 0
3225, 3120, 0
3225, 3121, 181
3226, 3105, 110
3226, 3106, 26
3226, 3107, 21
3226, 3108, 30
3226, 3109, 17
3226, 3110, 14
3226, 3111, 31
3226, 3112, 23
3226, 3113, 31
3226, 3114, 475
3226, 3115, 30
3226, 3116, 48
3226, 3117, 40
3226, 3118, 24
3226, 3119, 40
3226, 3120, 21
3226, 3121, 19
