208919, 207928, 134
208919, 207929, 50
208919, 207930, 30
208919, 207931, 11
208919, 207932, 93
208919, 207933, 35
208919, 207934, 8
208919, 207935, 12
208919, 207936, 36
208919, 207937, 12
208919, 207938, 5
208919, 207939, 47
208919, 207940, 118
208919, 207941, 15
208919, 207942, 46
208919, 207943, 25
208919, 207944, 18
208919, 207945, 10
208919, 207946, 54
208919, 207947, 42
208919, 207948, 104
208919, 207949, 10
208919, 207950, 5
208919, 207951, 5
208919, 207952, 5
208919, 207953, 8
208919, 207954, 8
208919, 207955, 14
208919, 207956, 40
208918, 207928, 126
208918, 207929, 31
208918, 207930, 20
208918, 207931, 19
208918, 207932, 15
208918, 207933, 25
208918, 207934, 6
208918, 207935, 6
208918, 207936, 21
208918, 207937, 15
208918, 207938, 31
208918, 207939, 103
208918, 207940, 113
208918, 207941, 6
208918, 207942, 71
208918, 207943, 21
208918, 207944, 19
208918, 207945, 10
208918, 207946, 56
208918, 207947, 56
208918, 207948, 102
208918, 207949, 19
208918, 207950, 6
208918, 207951, 6
208918, 207952, 7
208918, 207953, 13
208918, 207954, 6
208918, 207955, 24
208918, 207956, 47
