19546, 20761, 612
19546, 20762, 0
19546, 20763, 0
19546, 20764, 19
19546, 20765, 14
19546, 20766, 0
19546, 20767, 0
19546, 20768, 7
19546, 20769, 348
19547, 20761, 101
19547, 20762, 174
19547, 20763, 28
19547, 20764, 31
19547, 20765, 114
19547, 20766, 193
19547, 20767, 350
19547, 20768, 0
19547, 20769, 9
19548, 20761, 0
19548, 20762, 0
19548, 20763, 3
19548, 20764, 0
19548, 20765, 0
19548, 20766, 310
19548, 20767, 391
19548, 20768, 19
19548, 20769, 277
19549, 20761, 0
19549, 20762, 396
19549, 20763, 61
19549, 20764, 522
19549, 20765, 0
19549, 20766, 16
19549, 20767, 5
19549, 20768, 0
19549, 20769, 0
19550, 20761, 0
19550, 20762, 0
19550, 20763, 194
19550, 20764, 537
19550, 20765, 96
19550, 20766, 132
19550, 20767, 32
19550, 20768, 0
19550, 20769, 9
19551, 20761, 0
19551, 20762, 937
19551, 20763, 0
19551, 20764, 0
19551, 20765, 1
19551, 20766, 0
19551, 20767, 62
19551, 20768, 0
19551, 20769, 0
19552, 20761, 14
19552, 20762, 5
19552, 20763, 1
19552, 20764, 0
19552, 20765, 101
19552, 20766, 10
19552, 20767, 65
19552, 20768, 804
19552, 20769, 0
19553, 20761, 167
19553, 20762, 0
19553, 20763, 0
19553, 20764, 0
19553, 20765, 0
19553, 20766, 0
19553, 20767, 740
19553, 20768, 92
19553, 20769, 1
19554, 20761, 43
19554, 20762, 11
19554, 20763, 30
19554, 20764, 526
19554, 20765, 8
19554, 20766, 367
19554, 20767, 6
19554, 20768, 1
19554, 20769, 8
