96841, 97896, 37
96841, 97897, 41
96841, 97898, 35
96841, 97899, 71
96841, 97900, 49
96841, 97901, 40
96841, 97902, 40
96841, 97903, 43
96841, 97904, 15
96841, 97905, 17
96841, 97906, 35
96841, 97907, 24
96841, 97908, 31
96841, 97909, 52
96841, 97910, 71
96841, 97911, 44
96841, 97912, 49
96841, 97913, 56
96841, 97914, 36
96841, 97915, 47
96841, 97916, 47
96841, 97917, 41
96841, 97918, 41
96841, 97919, 38
96842, 97896, 12
96842, 97897, 75
96842, 97898, 53
96842, 97899, 60
96842, 97900, 29
96842, 97901, 28
96842, 97902, 39
96842, 97903, 28
96842, 97904, 47
96842, 97905, 44
96842, 97906, 31
96842, 97907, 29
96842, 97908, 48
96842, 97909, 37
96842, 97910, 48
96842, 97911, 19
96842, 97912, 19
96842, 97913, 32
96842, 97914, 61
96842, 97915, 43
96842, 97916, 22
96842, 97917, 35
96842, 97918, 36
96842, 97919, 125
96843, 97896, 67
96843, 97897, 29
96843, 97898, 60
96843, 97899, 37
96843, 97900, 17
96843, 97901, 47
96843, 97902, 35
96843, 97903, 32
96843, 97904, 67
96843, 97905, 47
96843, 97906, 57
96843, 97907, 19
96843, 97908, 39
96843, 97909, 32
96843, 97910, 9
96843, 97911, 53
96843, 97912, 16
96843, 97913, 61
96843, 97914, 39
96843, 97915, 51
96843, 97916, 17
96843, 97917, 36
96843, 97918, 51
96843, 97919, 82
96844, 97896, 0
96844, 97897, 0
96844, 97898, 0
96844, 97899, 73
96844, 97900, 25
96844, 97901, 53
96844, 97902, 201
96844, 97903, 51
96844, 97904, 77
96844, 97905, 37
96844, 97906, 69
96844, 97907, 63
96844, 97908, 45
96844, 97909, 32
96844, 97910, 61
96844, 97911, 24
96844, 97912, 16
96844, 97913, 40
96844, 97914, 13
96844, 97915, 28
96844, 97916, 17
96844, 97917, 12
96844, 97918, 31
96844, 97919, 32
