172107, 171017, 900
172107, 171018, 10
172107, 171019, 10
172107, 171020, 10
172107, 171021, 10
172107, 171022, 10
172107, 171023, 10
172107, 171024, 10
172107, 171025, 10
172107, 171026, 10
172107, 171027, 10
172107, 171028, 0
172107, 171029, 0
172107, 171030, 0
172107, 171031, 0
172108, 171017, 0
172108, 171018, 900
172108, 171019, 10
172108, 171020, 10
172108, 171021, 10
172108, 171022, 10
172108, 171023, 10
172108, 171024, 10
172108, 171025, 10
172108, 171026, 10
172108, 171027, 10
172108, 171028, 10
172108, 171029, 0
172108, 171030, 0
172108, 171031, 0
172110, 171017, 0
172110, 171018, 0
172110, 171019, 900
172110, 171020, 10
172110, 171021, 10
172110, 171022, 10
172110, 171023, 10
172110, 171024, 10
172110, 171025, 10
172110, 171026, 10
172110, 171027, 10
172110, 171028, 10
172110, 171029, 10
172110, 171030, 0
172110, 171031, 0
172109, 171017, 0
172109, 171018, 0
172109, 171019, 0
172109, 171020, 900
172109, 171021, 10
172109, 171022, 10
172109, 171023, 10
172109, 171024, 10
172109, 171025, 10
172109, 171026, 10
172109, 171027, 10
172109, 171028, 10
172109, 171029, 10
172109, 171030, 10
172109, 171031, 0
172111, 171017, 0
172111, 171018, 0
172111, 171019, 0
172111, 171020, 0
172111, 171021, 900
172111, 171022, 10
172111, 171023, 10
172111, 171024, 10
172111, 171025, 10
172111, 171026, 10
172111, 171027, 10
172111, 171028, 10
172111, 171029, 10
172111, 171030, 10
172111, 171031, 10
172112, 171017, 0
172112, 171018, 0
172112, 171019, 0
172112, 171020, 0
172112, 171021, 0
172112, 171022, 150
172112, 171023, 150
172112, 171024, 150
172112, 171025, 150
172112, 171026, 150
172112, 171027, 150
172112, 171028, 100
172112, 171029, 0
172112, 171030, 0
172112, 171031, 0
172113, 171017, 200
172113, 171018, 200
172113, 171019, 200
172113, 171020, 200
172113, 171021, 200
172113, 171022, 0
172113, 171023, 0
172113, 171024, 0
172113, 171025, 0
172113, 171026, 0
172113, 171027, 0
172113, 171028, 0
172113, 171029, 0
172113, 171030, 0
172113, 171031, 0
