189904, 189572, 0
189904, 189573, 0
189904, 189574, 0
189904, 189575, 500
189904, 189576, 333
189904, 189577, 0
189904, 189578, 0
189904, 189579, 167
189905, 189572, 0
189905, 189573, 0
189905, 189574, 0
189905, 189575, 167
189905, 189576, 500
189905, 189577, 0
189905, 189578, 0
189905, 189579, 333
189906, 189572, 0
189906, 189573, 0
189906, 189574, 0
189906, 189575, 333
189906, 189576, 167
189906, 189577, 0
189906, 189578, 0
189906, 189579, 500
189902, 189572, 241
189902, 189573, 191
189902, 189574, 290
189902, 189575, 0
189902, 189576, 0
189902, 189577, 142
189902, 189578, 93
189902, 189579, 43
189903, 189572, 191
189903, 189573, 142
189903, 189574, 93
189903, 189575, 0
189903, 189576, 0
189903, 189577, 43
189903, 189578, 290
189903, 189579, 241
189907, 189572, 93
189907, 189573, 43
189907, 189574, 290
189907, 189575, 0
189907, 189576, 0
189907, 189577, 241
189907, 189578, 191
189907, 189579, 142
189908, 189572, 93
189908, 189573, 43
189908, 189574, 241
189908, 189575, 0
189908, 189576, 0
189908, 189577, 191
189908, 189578, 290
189908, 189579, 142
189909, 189572, 43
189909, 189573, 290
189909, 189574, 241
189909, 189575, 0
189909, 189576, 0
189909, 189577, 191
189909, 189578, 142
189909, 189579, 93
