24858, 26388, 39
24858, 26389, 21
24858, 26390, 72
24858, 26391, 29
24858, 26392, 174
24858, 26393, 78
24858, 26394, 213
24858, 26395, 42
24858, 26396, 118
24858, 26397, 214
24859, 26388, 232
24859, 26389, 128
24859, 26390, 101
24859, 26391, 216
24859, 26392, 23
24859, 26393, 0
24859, 26394, 0
24859, 26395, 100
24859, 26396, 41
24859, 26397, 159
24860, 26388, 29
24860, 26389, 201
24860, 26390, 71
24860, 26391, 129
24860, 26392, 20
24860, 26393, 142
24860, 26394, 45
24860, 26395, 241
24860, 26396, 122
24860, 26397, 0
