40333, 42007, 0
40333, 42008, 0
40333, 42009, 100
40333, 42010, 50
40333, 42011, 150
40333, 42012, 700
40329, 42007, 0
40329, 42008, 0
40329, 42009, 0
40329, 42010, 0
40329, 42011, 0
40329, 42012, 1000
40331, 42007, 2
40331, 42008, 2
40331, 42009, 2
40331, 42010, 2
40331, 42011, 990
40331, 42012, 2
40334, 42007, 0
40334, 42008, 50
40334, 42009, 50
40334, 42010, 200
40334, 42011, 500
40334, 42012, 200
40330, 42007, 263
40330, 42008, 119
40330, 42009, 41
40330, 42010, 21
40330, 42011, 134
40330, 42012, 422
40332, 42007, 0
40332, 42008, 0
40332, 42009, 0
40332, 42010, 216
40332, 42011, 518
40332, 42012, 266
