52060, 53804, 198
52060, 53805, 125
52060, 53806, 89
52060, 53807, 136
52060, 53808, 115
52060, 53809, 126
52060, 53810, 91
52060, 53811, 120
52061, 53804, 414
52061, 53805, 89
52061, 53806, 143
52061, 53807, 82
52061, 53808, 82
52061, 53809, 8
52061, 53810, 89
52061, 53811, 93
52062, 53804, 177
52062, 53805, 182
52062, 53806, 74
52062, 53807, 77
52062, 53808, 75
52062, 53809, 174
52062, 53810, 121
52062, 53811, 120
52063, 53804, 43
52063, 53805, 296
52063, 53806, 34
52063, 53807, 47
52063, 53808, 65
52063, 53809, 276
52063, 53810, 129
52063, 53811, 110
52064, 53804, 128
52064, 53805, 104
52064, 53806, 105
52064, 53807, 171
52064, 53808, 180
52064, 53809, 65
52064, 53810, 69
52064, 53811, 178
52065, 53804, 135
52065, 53805, 61
52065, 53806, 175
52065, 53807, 119
52065, 53808, 190
52065, 53809, 267
52065, 53810, 27
52065, 53811, 26
52066, 53804, 135
52066, 53805, 219
52066, 53806, 367
52066, 53807, 58
52066, 53808, 58
52066, 53809, 52
52066, 53810, 54
52066, 53811, 57
52067, 53804, 63
52067, 53805, 55
52067, 53806, 224
52067, 53807, 240
52067, 53808, 242
52067, 53809, 59
52067, 53810, 56
52067, 53811, 61
52068, 53804, 251
52068, 53805, 0
52068, 53806, 250
52068, 53807, 0
52068, 53808, 250
52068, 53809, 0
52068, 53810, 249
52068, 53811, 0
52069, 53804, 0
52069, 53805, 250
52069, 53806, 0
52069, 53807, 250
52069, 53808, 0
52069, 53809, 250
52069, 53810, 0
52069, 53811, 250
