218718, 217507, 0
218718, 217508, 0
218718, 217509, 261
218718, 217510, 0
218718, 217511, 0
218718, 217512, 0
218718, 217513, 0
218718, 217514, 7
218718, 217515, 7
218718, 217516, 7
218718, 217517, 7
218718, 217518, 0
218718, 217519, 0
218718, 217520, 0
218718, 217521, 0
218718, 217522, 0
218718, 217523, 0
218718, 217524, 0
218718, 217525, 0
218718, 217526, 0
218718, 217527, 0
218718, 217528, 0
218718, 217529, 0
218718, 217530, 0
218718, 217531, 0
218718, 217532, 0
218718, 217533, 362
218718, 217534, 349
218718, 217535, 0
218718, 217536, 0
218718, 217537, 0
218718, 217538, 0
218718, 217539, 0
218718, 217540, 0
218718, 217541, 0
218720, 217507, 1
218720, 217508, 0
218720, 217509, 0
218720, 217510, 0
218720, 217511, 0
218720, 217512, 0
218720, 217513, 478
218720, 217514, 0
218720, 217515, 82
218720, 217516, 82
218720, 217517, 79
218720, 217518, 0
218720, 217519, 0
218720, 217520, 0
218720, 217521, 44
218720, 217522, 0
218720, 217523, 19
218720, 217524, 11
218720, 217525, 0
218720, 217526, 0
218720, 217527, 5
218720, 217528, 5
218720, 217529, 0
218720, 217530, 0
218720, 217531, 5
218720, 217532, 5
218720, 217533, 0
218720, 217534, 0
218720, 217535, 0
218720, 217536, 0
218720, 217537, 184
218720, 217538, 0
218720, 217539, 0
218720, 217540, 0
218720, 217541, 0
218722, 217507, 1000
218722, 217508, 0
218722, 217509, 0
218722, 217510, 0
218722, 217511, 0
218722, 217512, 0
218722, 217513, 0
218722, 217514, 0
218722, 217515, 0
218722, 217516, 0
218722, 217517, 0
218722, 217518, 0
218722, 217519, 0
218722, 217520, 0
218722, 217521, 0
218722, 217522, 0
218722, 217523, 0
218722, 217524, 0
218722, 217525, 0
218722, 217526, 0
218722, 217527, 0
218722, 217528, 0
218722, 217529, 0
218722, 217530, 0
218722, 217531, 0
218722, 217532, 0
218722, 217533, 0
218722, 217534, 0
218722, 217535, 0
218722, 217536, 0
218722, 217537, 0
218722, 217538, 0
218722, 217539, 0
218722, 217540, 0
218722, 217541, 0
218724, 217507, 0
218724, 217508, 93
218724, 217509, 139
218724, 217510, 0
218724, 217511, 15
218724, 217512, 145
218724, 217513, 0
218724, 217514, 0
218724, 217515, 0
218724, 217516, 5
218724, 217517, 0
218724, 217518, 0
218724, 217519, 5
218724, 217520, 0
218724, 217521, 50
218724, 217522, 0
218724, 217523, 0
218724, 217524, 0
218724, 217525, 0
218724, 217526, 0
218724, 217527, 0
218724, 217528, 0
218724, 217529, 0
218724, 217530, 0
218724, 217531, 0
218724, 217532, 0
218724, 217533, 0
218724, 217534, 0
218724, 217535, 0
218724, 217536, 0
218724, 217537, 327
218724, 217538, 0
218724, 217539, 5
218724, 217540, 0
218724, 217541, 216
218719, 217507, 1
218719, 217508, 0
218719, 217509, 0
218719, 217510, 0
218719, 217511, 0
218719, 217512, 0
218719, 217513, 0
218719, 217514, 0
218719, 217515, 0
218719, 217516, 102
218719, 217517, 0
218719, 217518, 0
218719, 217519, 0
218719, 217520, 0
218719, 217521, 0
218719, 217522, 107
218719, 217523, 0
218719, 217524, 0
218719, 217525, 86
218719, 217526, 0
218719, 217527, 118
218719, 217528, 0
218719, 217529, 0
218719, 217530, 0
218719, 217531, 0
218719, 217532, 0
218719, 217533, 313
218719, 217534, 166
218719, 217535, 0
218719, 217536, 0
218719, 217537, 107
218719, 217538, 0
218719, 217539, 0
218719, 217540, 0
218719, 217541, 0
218723, 217507, 66
218723, 217508, 0
218723, 217509, 0
218723, 217510, 0
218723, 217511, 0
218723, 217512, 0
218723, 217513, 69
218723, 217514, 22
218723, 217515, 0
218723, 217516, 0
218723, 217517, 0
218723, 217518, 0
218723, 217519, 0
218723, 217520, 2
218723, 217521, 46
218723, 217522, 48
218723, 217523, 49
218723, 217524, 49
218723, 217525, 60
218723, 217526, 59
218723, 217527, 63
218723, 217528, 10
218723, 217529, 55
218723, 217530, 5
218723, 217531, 7
218723, 217532, 8
218723, 217533, 54
218723, 217534, 55
218723, 217535, 70
218723, 217536, 59
218723, 217537, 70
218723, 217538, 17
218723, 217539, 14
218723, 217540, 20
218723, 217541, 23
218721, 217507, 59
218721, 217508, 14
218721, 217509, 6
218721, 217510, 12
218721, 217511, 17
218721, 217512, 5
218721, 217513, 77
218721, 217514, 26
218721, 217515, 5
218721, 217516, 21
218721, 217517, 0
218721, 217518, 3
218721, 217519, 0
218721, 217520, 0
218721, 217521, 32
218721, 217522, 82
218721, 217523, 61
218721, 217524, 66
218721, 217525, 16
218721, 217526, 26
218721, 217527, 12
218721, 217528, 12
218721, 217529, 77
218721, 217530, 0
218721, 217531, 11
218721, 217532, 11
218721, 217533, 71
218721, 217534, 71
218721, 217535, 32
218721, 217536, 32
218721, 217537, 82
218721, 217538, 50
218721, 217539, 0
218721, 217540, 0
218721, 217541, 11
