96848, 97920, 101
96848, 97921, 25
96848, 97922, 3
96848, 97923, 21
96848, 97924, 3
96848, 97925, 13
96848, 97926, 59
96848, 97927, 84
96848, 97928, 55
96848, 97929, 3
96848, 97930, 52
96848, 97931, 104
96848, 97932, 101
96848, 97933, 0
96848, 97934, 0
96848, 97935, 0
96848, 97936, 52
96848, 97937, 17
96848, 97938, 3
96848, 97939, 83
96848, 97940, 56
96848, 97941, 108
96848, 97942, 5
96848, 97943, 25
96848, 97944, 0
96848, 97945, 0
96848, 97946, 0
96848, 97947, 27
96847, 97920, 156
96847, 97921, 15
96847, 97922, 0
96847, 97923, 20
96847, 97924, 9
96847, 97925, 25
96847, 97926, 28
96847, 97927, 36
96847, 97928, 112
96847, 97929, 4
96847, 97930, 12
96847, 97931, 13
96847, 97932, 100
96847, 97933, 0
96847, 97934, 7
96847, 97935, 0
96847, 97936, 100
96847, 97937, 19
96847, 97938, 27
96847, 97939, 28
96847, 97940, 7
96847, 97941, 0
96847, 97942, 111
96847, 97943, 44
96847, 97944, 7
96847, 97945, 49
96847, 97946, 13
96847, 97947, 58
96845, 97920, 34
96845, 97921, 4
96845, 97922, 12
96845, 97923, 16
96845, 97924, 5
96845, 97925, 40
96845, 97926, 91
96845, 97927, 1
96845, 97928, 31
96845, 97929, 2
96845, 97930, 0
96845, 97931, 131
96845, 97932, 100
96845, 97933, 0
96845, 97934, 12
96845, 97935, 0
96845, 97936, 100
96845, 97937, 130
96845, 97938, 19
96845, 97939, 43
96845, 97940, 7
96845, 97941, 34
96845, 97942, 52
96845, 97943, 33
96845, 97944, 68
96845, 97945, 17
96845, 97946, 13
96845, 97947, 5
96846, 97920, 100
96846, 97921, 70
96846, 97922, 10
96846, 97923, 5
96846, 97924, 40
96846, 97925, 50
96846, 97926, 30
96846, 97927, 40
96846, 97928, 50
96846, 97929, 30
96846, 97930, 40
96846, 97931, 40
96846, 97932, 40
96846, 97933, 40
96846, 97934, 20
96846, 97935, 20
96846, 97936, 70
96846, 97937, 80
96846, 97938, 10
96846, 97939, 0
96846, 97940, 40
96846, 97941, 10
96846, 97942, 10
96846, 97943, 55
96846, 97944, 10
96846, 97945, 50
96846, 97946, 10
96846, 97947, 30
