129666, 129506, 329
129666, 129507, 4
129666, 129508, 114
129666, 129509, 116
129666, 129510, 8
129666, 129511, 0
129666, 129512, 53
129666, 129513, 197
129666, 129514, 72
129666, 129515, 107
129666, 129516, 0
129666, 129517, 0
129665, 129506, 0
129665, 129507, 0
129665, 129508, 0
129665, 129509, 0
129665, 129510, 0
129665, 129511, 0
129665, 129512, 81
129665, 129513, 0
129665, 129514, 0
129665, 129515, 0
129665, 129516, 0
129665, 129517, 919
129664, 129506, 0
129664, 129507, 0
129664, 129508, 116
129664, 129509, 0
129664, 129510, 0
129664, 129511, 474
129664, 129512, 87
129664, 129513, 86
129664, 129514, 0
129664, 129515, 0
129664, 129516, 0
129664, 129517, 237
129663, 129506, 77
129663, 129507, 29
129663, 129508, 29
129663, 129509, 8
129663, 129510, 11
129663, 129511, 8
129663, 129512, 16
129663, 129513, 9
129663, 129514, 6
129663, 129515, 7
129663, 129516, 500
129663, 129517, 300
