47298, 49064, 0
47298, 49065, 550
47298, 49066, 300
47298, 49067, 0
47298, 49068, 0
47298, 49069, 100
47298, 49070, 50
47299, 49064, 0
47299, 49065, 550
47299, 49066, 300
47299, 49067, 0
47299, 49068, 0
47299, 49069, 100
47299, 49070, 50
47305, 49064, 0
47305, 49065, 300
47305, 49066, 500
47305, 49067, 0
47305, 49068, 200
47305, 49069, 0
47305, 49070, 0
47306, 49064, 0
47306, 49065, 300
47306, 49066, 500
47306, 49067, 0
47306, 49068, 200
47306, 49069, 0
47306, 49070, 0
47307, 49064, 0
47307, 49065, 300
47307, 49066, 500
47307, 49067, 0
47307, 49068, 200
47307, 49069, 0
47307, 49070, 0
47300, 49064, 200
47300, 49065, 200
47300, 49066, 0
47300, 49067, 270
47300, 49068, 0
47300, 49069, 0
47300, 49070, 330
47302, 49064, 140
47302, 49065, 140
47302, 49066, 140
47302, 49067, 140
47302, 49068, 140
47302, 49069, 140
47302, 49070, 160
47303, 49064, 100
47303, 49065, 140
47303, 49066, 150
47303, 49067, 140
47303, 49068, 150
47303, 49069, 150
47303, 49070, 170
47301, 49064, 200
47301, 49065, 200
47301, 49066, 0
47301, 49067, 270
47301, 49068, 0
47301, 49069, 0
47301, 49070, 330
47304, 49064, 120
47304, 49065, 70
47304, 49066, 180
47304, 49067, 70
47304, 49068, 180
47304, 49069, 180
47304, 49070, 200
