143662, 143452, 90
143662, 143453, 90
143662, 143454, 2
143662, 143455, 2
143662, 143456, 2
143662, 143457, 2
143662, 143458, 2
143662, 143459, 2
143662, 143460, 2
143662, 143461, 2
143662, 143462, 4
143662, 143463, 5
143662, 143464, 108
143662, 143465, 99
143662, 143466, 98
143662, 143467, 136
143662, 143468, 0
143662, 143469, 0
143662, 143470, 5
143662, 143471, 5
143662, 143472, 9
143662, 143473, 9
143662, 143474, 145
143662, 143475, 181
143663, 143452, 15
143663, 143453, 26
143663, 143454, 21
143663, 143455, 24
143663, 143456, 21
143663, 143457, 18
143663, 143458, 21
143663, 143459, 21
143663, 143460, 22
143663, 143461, 24
143663, 143462, 26
143663, 143463, 77
143663, 143464, 45
143663, 143465, 95
143663, 143466, 90
143663, 143467, 105
143663, 143468, 70
143663, 143469, 40
143663, 143470, 23
143663, 143471, 27
143663, 143472, 29
143663, 143473, 29
143663, 143474, 77
143663, 143475, 54
