125076, 125025, 0
125076, 125026, 476
125076, 125027, 29
125076, 125028, 0
125076, 125029, 495
125076, 125030, 0
125076, 125031, 0
125079, 125025, 320
125079, 125026, 431
125079, 125027, 9
125079, 125028, 21
125079, 125029, 21
125079, 125030, 197
125079, 125031, 1
125078, 125025, 100
125078, 125026, 200
125078, 125027, 100
125078, 125028, 50
125078, 125029, 50
125078, 125030, 0
125078, 125031, 500
125077, 125025, 0
125077, 125026, 300
125077, 125027, 0
125077, 125028, 0
125077, 125029, 250
125077, 125030, 200
125077, 125031, 250
125080, 125025, 0
125080, 125026, 50
125080, 125027, 0
125080, 125028, 0
125080, 125029, 50
125080, 125030, 0
125080, 125031, 900
