212161, 211039, 20
212161, 211040, 0
212161, 211041, 0
212161, 211042, 7
212161, 211043, 7
212161, 211044, 0
212161, 211045, 28
212161, 211046, 35
212161, 211047, 25
212161, 211048, 0
212161, 211049, 44
212161, 211050, 0
212161, 211051, 21
212161, 211052, 15
212161, 211053, 67
212161, 211054, 9
212161, 211055, 48
212161, 211056, 9
212161, 211057, 31
212161, 211058, 31
212161, 211059, 23
212161, 211060, 0
212161, 211061, 13
212161, 211062, 13
212161, 211063, 9
212161, 211064, 11
212161, 211065, 0
212161, 211066, 3
212161, 211067, 9
212161, 211068, 0
212161, 211069, 106
212161, 211070, 35
212161, 211071, 0
212161, 211072, 0
212161, 211073, 0
212161, 211074, 0
212161, 211075, 0
212161, 211076, 0
212161, 211077, 0
212161, 211078, 30
212161, 211079, 23
212161, 211080, 60
212161, 211081, 0
212161, 211082, 55
212161, 211083, 0
212161, 211084, 0
212161, 211085, 0
212161, 211086, 0
212161, 211087, 0
212161, 211088, 0
212161, 211089, 0
212161, 211090, 7
212161, 211091, 9
212161, 211092, 0
212161, 211093, 0
212161, 211094, 0
212161, 211095, 19
212161, 211096, 45
212161, 211097, 0
212161, 211098, 0
212161, 211099, 31
212161, 211100, 0
212161, 211101, 0
212161, 211102, 0
212161, 211103, 69
212161, 211104, 20
212161, 211105, 0
212161, 211106, 0
212161, 211107, 0
212161, 211108, 0
212161, 211109, 13
212161, 211110, 0
212162, 211039, 0
212162, 211040, 0
212162, 211041, 0
212162, 211042, 0
212162, 211043, 0
212162, 211044, 0
212162, 211045, 0
212162, 211046, 100
212162, 211047, 0
212162, 211048, 100
212162, 211049, 100
212162, 211050, 0
212162, 211051, 0
212162, 211052, 0
212162, 211053, 100
212162, 211054, 0
212162, 211055, 100
212162, 211056, 0
212162, 211057, 0
212162, 211058, 0
212162, 211059, 0
212162, 211060, 0
212162, 211061, 0
212162, 211062, 0
212162, 211063, 0
212162, 211064, 0
212162, 211065, 0
212162, 211066, 0
212162, 211067, 0
212162, 211068, 0
212162, 211069, 0
212162, 211070, 0
212162, 211071, 0
212162, 211072, 0
212162, 211073, 0
212162, 211074, 0
212162, 211075, 0
212162, 211076, 0
212162, 211077, 0
212162, 211078, 0
212162, 211079, 0
212162, 211080, 100
212162, 211081, 0
212162, 211082, 100
212162, 211083, 0
212162, 211084, 0
212162, 211085, 0
212162, 211086, 0
212162, 211087, 0
212162, 211088, 0
212162, 211089, 0
212162, 211090, 0
212162, 211091, 0
212162, 211092, 0
212162, 211093, 0
212162, 211094, 100
212162, 211095, 0
212162, 211096, 100
212162, 211097, 0
212162, 211098, 0
212162, 211099, 100
212162, 211100, 0
212162, 211101, 0
212162, 211102, 0
212162, 211103, 0
212162, 211104, 0
212162, 211105, 0
212162, 211106, 0
212162, 211107, 0
212162, 211108, 0
212162, 211109, 0
212162, 211110, 0
