19843, 21112, 62
19843, 21113, 188
19843, 21114, 156
19843, 21115, 251
19843, 21116, 219
19843, 21117, 31
19843, 21118, 31
19843, 21119, 31
19843, 21120, 31
19844, 21112, 126
19844, 21113, 157
19844, 21114, 125
19844, 21115, 93
19844, 21116, 93
19844, 21117, 282
19844, 21118, 62
19844, 21119, 31
19844, 21120, 31
19845, 21112, 135
19845, 21113, 158
19845, 21114, 67
19845, 21115, 34
19845, 21116, 180
19845, 21117, 203
19845, 21118, 44
19845, 21119, 21
19845, 21120, 158
19846, 21112, 200
19846, 21113, 200
19846, 21114, 150
19846, 21115, 50
19846, 21116, 150
19846, 21117, 25
19846, 21118, 25
19846, 21119, 25
19846, 21120, 175
19847, 21112, 188
19847, 21113, 157
19847, 21114, 188
19847, 21115, 93
19847, 21116, 31
19847, 21117, 157
19847, 21118, 62
19847, 21119, 31
19847, 21120, 93
19848, 21112, 229
19848, 21113, 199
19848, 21114, 199
19848, 21115, 29
19848, 21116, 29
19848, 21117, 29
19848, 21118, 29
19848, 21119, 29
19848, 21120, 228
19849, 21112, 123
19849, 21113, 123
19849, 21114, 123
19849, 21115, 92
19849, 21116, 371
19849, 21117, 42
19849, 21118, 42
19849, 21119, 42
19849, 21120, 42
19850, 21112, 195
19850, 21113, 73
19850, 21114, 171
19850, 21115, 122
19850, 21116, 220
19850, 21117, 49
19850, 21118, 24
19850, 21119, 24
19850, 21120, 122
19851, 21112, 55
19851, 21113, 55
19851, 21114, 55
19851, 21115, 555
19851, 21116, 56
19851, 21117, 56
19851, 21118, 56
19851, 21119, 56
19851, 21120, 56
