47379, 49130, 550
47379, 49131, 0
47379, 49132, 0
47379, 49133, 0
47379, 49134, 0
47379, 49135, 100
47379, 49136, 350
47380, 49130, 550
47380, 49131, 0
47380, 49132, 0
47380, 49133, 0
47380, 49134, 0
47380, 49135, 100
47380, 49136, 350
47381, 49130, 200
47381, 49131, 200
47381, 49132, 270
47381, 49133, 330
47381, 49134, 0
47381, 49135, 0
47381, 49136, 0
47382, 49130, 200
47382, 49131, 200
47382, 49132, 270
47382, 49133, 330
47382, 49134, 0
47382, 49135, 0
47382, 49136, 0
47383, 49130, 300
47383, 49131, 0
47383, 49132, 0
47383, 49133, 0
47383, 49134, 200
47383, 49135, 0
47383, 49136, 500
47384, 49130, 300
47384, 49131, 0
47384, 49132, 0
47384, 49133, 0
47384, 49134, 200
47384, 49135, 0
47384, 49136, 500
47385, 49130, 300
47385, 49131, 0
47385, 49132, 0
47385, 49133, 0
47385, 49134, 200
47385, 49135, 0
47385, 49136, 500
47386, 49130, 136
47386, 49131, 136
47386, 49132, 136
47386, 49133, 160
47386, 49134, 136
47386, 49135, 160
47386, 49136, 136
47387, 49130, 136
47387, 49131, 136
47387, 49132, 136
47387, 49133, 160
47387, 49134, 136
47387, 49135, 160
47387, 49136, 136
47388, 49130, 136
47388, 49131, 136
47388, 49132, 136
47388, 49133, 160
47388, 49134, 136
47388, 49135, 160
47388, 49136, 136
