48367, 50057, 0
48367, 50058, 0
48367, 50059, 0
48367, 50060, 0
48367, 50061, 0
48367, 50062, 0
48367, 50063, 0
48367, 50064, 0
48367, 50065, 0
48367, 50066, 0
48367, 50067, 0
48367, 50068, 0
48367, 50069, 0
48367, 50070, 0
48367, 50071, 0
48367, 50072, 0
48367, 50073, 0
48367, 50074, 0
48367, 50075, 0
48367, 50076, 0
48367, 50077, 0
48367, 50078, 0
48367, 50079, 0
48367, 50080, 0
48367, 50081, 0
48367, 50082, 0
48367, 50083, 0
48367, 50084, 0
48367, 50085, 0
48367, 50086, 0
48367, 50087, 0
48367, 50088, 0
48367, 50089, 0
48367, 50090, 0
48367, 50091, 0
48367, 50092, 0
48367, 50093, 0
48367, 50094, 0
48367, 50095, 0
48367, 50096, 0
48367, 50097, 0
48367, 50098, 0
48367, 50099, 0
48367, 50100, 0
48367, 50101, 0
48367, 50102, 0
48367, 50103, 0
48367, 50104, 0
48367, 50105, 0
48367, 50106, 0
48367, 50107, 0
48367, 50108, 0
48367, 50109, 0
48367, 50110, 0
48367, 50111, 0
48367, 50112, 0
48367, 50113, 0
48367, 50114, 0
48367, 50115, 0
48367, 50116, 0
48367, 50117, 0
48367, 50118, 0
48367, 50119, 0
48367, 50120, 0
48367, 50121, 0
48367, 50122, 0
48367, 50123, 0
48367, 50124, 0
48367, 50125, 0
48367, 50126, 0
48367, 50127, 0
48367, 50128, 0
48367, 50129, 0
48367, 50130, 0
48367, 50131, 0
48367, 50132, 0
48367, 50133, 0
48367, 50134, 0
48367, 50135, 0
48367, 50136, 0
48367, 50137, 0
48367, 50138, 0
48367, 50139, 0
48367, 50140, 0
48367, 50141, 0
48367, 50142, 0
48367, 50143, 0
48367, 50144, 0
48367, 50145, 535
48367, 50146, 465
48367, 50147, 0
48367, 50148, 0
48367, 50149, 0
48367, 50150, 0
48367, 50151, 0
48367, 50152, 0
48368, 50057, 10
48368, 50058, 40
48368, 50059, 0
48368, 50060, 0
48368, 50061, 30
48368, 50062, 0
48368, 50063, 0
48368, 50064, 0
48368, 50065, 25
48368, 50066, 0
48368, 50067, 0
48368, 50068, 0
48368, 50069, 0
48368, 50070, 0
48368, 50071, 0
48368, 50072, 5
48368, 50073, 0
48368, 50074, 10
48368, 50075, 150
48368, 50076, 0
48368, 50077, 0
48368, 50078, 0
48368, 50079, 0
48368, 50080, 0
48368, 50081, 0
48368, 50082, 0
48368, 50083, 5
48368, 50084, 10
48368, 50085, 3
48368, 50086, 2
48368, 50087, 0
48368, 50088, 0
48368, 50089, 0
48368, 50090, 0
48368, 50091, 5
48368, 50092, 0
48368, 50093, 160
48368, 50094, 0
48368, 50095, 1
48368, 50096, 5
48368, 50097, 1
48368, 50098, 0
48368, 50099, 0
48368, 50100, 2
48368, 50101, 1
48368, 50102, 1
48368, 50103, 2
48368, 50104, 1
48368, 50105, 7
48368, 50106, 3
48368, 50107, 1
48368, 50108, 1
48368, 50109, 0
48368, 50110, 0
48368, 50111, 0
48368, 50112, 0
48368, 50113, 0
48368, 50114, 0
48368, 50115, 0
48368, 50116, 0
48368, 50117, 0
48368, 50118, 0
48368, 50119, 0
48368, 50120, 0
48368, 50121, 0
48368, 50122, 1
48368, 50123, 0
48368, 50124, 0
48368, 50125, 0
48368, 50126, 1
48368, 50127, 0
48368, 50128, 0
48368, 50129, 0
48368, 50130, 2
48368, 50131, 0
48368, 50132, 0
48368, 50133, 0
48368, 50134, 0
48368, 50135, 0
48368, 50136, 0
48368, 50137, 0
48368, 50138, 0
48368, 50139, 0
48368, 50140, 0
48368, 50141, 0
48368, 50142, 0
48368, 50143, 0
48368, 50144, 95
48368, 50145, 0
48368, 50146, 240
48368, 50147, 180
48368, 50148, 0
48368, 50149, 0
48368, 50150, 0
48368, 50151, 0
48368, 50152, 0
48370, 50057, 47
48370, 50058, 0
48370, 50059, 0
48370, 50060, 73
48370, 50061, 0
48370, 50062, 0
48370, 50063, 0
48370, 50064, 0
48370, 50065, 0
48370, 50066, 0
48370, 50067, 0
48370, 50068, 0
48370, 50069, 265
48370, 50070, 0
48370, 50071, 0
48370, 50072, 0
48370, 50073, 0
48370, 50074, 0
48370, 50075, 98
48370, 50076, 0
48370, 50077, 0
48370, 50078, 102
48370, 50079, 0
48370, 50080, 0
48370, 50081, 0
48370, 50082, 0
48370, 50083, 0
48370, 50084, 0
48370, 50085, 0
48370, 50086, 0
48370, 50087, 0
48370, 50088, 0
48370, 50089, 0
48370, 50090, 0
48370, 50091, 0
48370, 50092, 20
48370, 50093, 0
48370, 50094, 0
48370, 50095, 0
48370, 50096, 0
48370, 50097, 0
48370, 50098, 0
48370, 50099, 0
48370, 50100, 0
48370, 50101, 0
48370, 50102, 0
48370, 50103, 0
48370, 50104, 0
48370, 50105, 0
48370, 50106, 0
48370, 50107, 0
48370, 50108, 0
48370, 50109, 0
48370, 50110, 0
48370, 50111, 0
48370, 50112, 0
48370, 50113, 0
48370, 50114, 0
48370, 50115, 0
48370, 50116, 0
48370, 50117, 0
48370, 50118, 0
48370, 50119, 19
48370, 50120, 0
48370, 50121, 0
48370, 50122, 0
48370, 50123, 55
48370, 50124, 120
48370, 50125, 0
48370, 50126, 0
48370, 50127, 0
48370, 50128, 0
48370, 50129, 33
48370, 50130, 0
48370, 50131, 0
48370, 50132, 0
48370, 50133, 0
48370, 50134, 0
48370, 50135, 0
48370, 50136, 56
48370, 50137, 0
48370, 50138, 0
48370, 50139, 0
48370, 50140, 0
48370, 50141, 23
48370, 50142, 8
48370, 50143, 0
48370, 50144, 35
48370, 50145, 0
48370, 50146, 0
48370, 50147, 0
48370, 50148, 0
48370, 50149, 0
48370, 50150, 0
48370, 50151, 27
48370, 50152, 19
48366, 50057, 31
48366, 50058, 0
48366, 50059, 0
48366, 50060, 0
48366, 50061, 0
48366, 50062, 20
48366, 50063, 0
48366, 50064, 0
48366, 50065, 0
48366, 50066, 0
48366, 50067, 0
48366, 50068, 0
48366, 50069, 829
48366, 50070, 0
48366, 50071, 0
48366, 50072, 0
48366, 50073, 0
48366, 50074, 0
48366, 50075, 0
48366, 50076, 0
48366, 50077, 0
48366, 50078, 0
48366, 50079, 10
48366, 50080, 0
48366, 50081, 0
48366, 50082, 0
48366, 50083, 0
48366, 50084, 0
48366, 50085, 0
48366, 50086, 10
48366, 50087, 0
48366, 50088, 0
48366, 50089, 0
48366, 50090, 20
48366, 50091, 0
48366, 50092, 0
48366, 50093, 0
48366, 50094, 0
48366, 50095, 0
48366, 50096, 0
48366, 50097, 0
48366, 50098, 0
48366, 50099, 0
48366, 50100, 0
48366, 50101, 0
48366, 50102, 0
48366, 50103, 0
48366, 50104, 0
48366, 50105, 0
48366, 50106, 0
48366, 50107, 0
48366, 50108, 0
48366, 50109, 0
48366, 50110, 0
48366, 50111, 0
48366, 50112, 0
48366, 50113, 0
48366, 50114, 0
48366, 50115, 0
48366, 50116, 0
48366, 50117, 0
48366, 50118, 0
48366, 50119, 0
48366, 50120, 0
48366, 50121, 0
48366, 50122, 0
48366, 50123, 0
48366, 50124, 0
48366, 50125, 0
48366, 50126, 0
48366, 50127, 20
48366, 50128, 20
48366, 50129, 0
48366, 50130, 0
48366, 50131, 20
48366, 50132, 0
48366, 50133, 0
48366, 50134, 20
48366, 50135, 0
48366, 50136, 0
48366, 50137, 0
48366, 50138, 0
48366, 50139, 0
48366, 50140, 0
48366, 50141, 0
48366, 50142, 0
48366, 50143, 0
48366, 50144, 0
48366, 50145, 0
48366, 50146, 0
48366, 50147, 0
48366, 50148, 0
48366, 50149, 0
48366, 50150, 0
48366, 50151, 0
48366, 50152, 0
48369, 50057, 50
48369, 50058, 3
48369, 50059, 2
48369, 50060, 46
48369, 50061, 37
48369, 50062, 0
48369, 50063, 0
48369, 50064, 72
48369, 50065, 0
48369, 50066, 46
48369, 50067, 66
48369, 50068, 141
48369, 50069, 0
48369, 50070, 76
48369, 50071, 40
48369, 50072, 25
48369, 50073, 0
48369, 50074, 0
48369, 50075, 0
48369, 50076, 0
48369, 50077, 0
48369, 50078, 0
48369, 50079, 0
48369, 50080, 7
48369, 50081, 7
48369, 50082, 7
48369, 50083, 7
48369, 50084, 0
48369, 50085, 0
48369, 50086, 0
48369, 50087, 0
48369, 50088, 0
48369, 50089, 20
48369, 50090, 0
48369, 50091, 0
48369, 50092, 2
48369, 50093, 0
48369, 50094, 0
48369, 50095, 0
48369, 50096, 0
48369, 50097, 0
48369, 50098, 0
48369, 50099, 0
48369, 50100, 0
48369, 50101, 0
48369, 50102, 0
48369, 50103, 0
48369, 50104, 0
48369, 50105, 0
48369, 50106, 0
48369, 50107, 0
48369, 50108, 0
48369, 50109, 2
48369, 50110, 2
48369, 50111, 7
48369, 50112, 10
48369, 50113, 0
48369, 50114, 9
48369, 50115, 7
48369, 50116, 3
48369, 50117, 0
48369, 50118, 2
48369, 50119, 0
48369, 50120, 0
48369, 50121, 0
48369, 50122, 0
48369, 50123, 0
48369, 50124, 0
48369, 50125, 3
48369, 50126, 0
48369, 50127, 0
48369, 50128, 38
48369, 50129, 37
48369, 50130, 0
48369, 50131, 0
48369, 50132, 25
48369, 50133, 9
48369, 50134, 32
48369, 50135, 0
48369, 50136, 0
48369, 50137, 37
48369, 50138, 7
48369, 50139, 10
48369, 50140, 3
48369, 50141, 0
48369, 50142, 0
48369, 50143, 0
48369, 50144, 0
48369, 50145, 93
48369, 50146, 0
48369, 50147, 0
48369, 50148, 0
48369, 50149, 0
48369, 50150, 10
48369, 50151, 0
48369, 50152, 0
