103935, 104778, 52
103935, 104779, 42
103935, 104780, 42
103935, 104781, 42
103935, 104782, 15
103935, 104783, 15
103935, 104784, 15
103935, 104785, 17
103935, 104786, 15
103935, 104787, 41
103935, 104788, 41
103935, 104789, 74
103935, 104790, 41
103935, 104791, 15
103935, 104792, 15
103935, 104793, 15
103935, 104794, 41
103935, 104795, 66
103935, 104796, 74
103935, 104797, 41
103935, 104798, 15
103935, 104799, 15
103935, 104800, 41
103935, 104801, 62
103935, 104802, 55
103935, 104803, 44
103935, 104804, 15
103935, 104805, 17
103935, 104806, 17
103936, 104778, 52
103936, 104779, 42
103936, 104780, 42
103936, 104781, 42
103936, 104782, 15
103936, 104783, 15
103936, 104784, 15
103936, 104785, 17
103936, 104786, 15
103936, 104787, 41
103936, 104788, 41
103936, 104789, 74
103936, 104790, 41
103936, 104791, 15
103936, 104792, 15
103936, 104793, 15
103936, 104794, 41
103936, 104795, 66
103936, 104796, 74
103936, 104797, 41
103936, 104798, 15
103936, 104799, 15
103936, 104800, 41
103936, 104801, 62
103936, 104802, 55
103936, 104803, 44
103936, 104804, 15
103936, 104805, 17
103936, 104806, 17
103937, 104778, 52
103937, 104779, 42
103937, 104780, 42
103937, 104781, 42
103937, 104782, 15
103937, 104783, 15
103937, 104784, 15
103937, 104785, 17
103937, 104786, 15
103937, 104787, 41
103937, 104788, 41
103937, 104789, 74
103937, 104790, 41
103937, 104791, 15
103937, 104792, 15
103937, 104793, 15
103937, 104794, 41
103937, 104795, 66
103937, 104796, 74
103937, 104797, 41
103937, 104798, 15
103937, 104799, 15
103937, 104800, 41
103937, 104801, 62
103937, 104802, 55
103937, 104803, 44
103937, 104804, 15
103937, 104805, 17
103937, 104806, 17
103938, 104778, 52
103938, 104779, 42
103938, 104780, 42
103938, 104781, 42
103938, 104782, 15
103938, 104783, 15
103938, 104784, 15
103938, 104785, 17
103938, 104786, 15
103938, 104787, 41
103938, 104788, 41
103938, 104789, 74
103938, 104790, 41
103938, 104791, 15
103938, 104792, 15
103938, 104793, 15
103938, 104794, 41
103938, 104795, 66
103938, 104796, 74
103938, 104797, 41
103938, 104798, 15
103938, 104799, 15
103938, 104800, 41
103938, 104801, 62
103938, 104802, 55
103938, 104803, 44
103938, 104804, 15
103938, 104805, 17
103938, 104806, 17
