234562, 233532, 214
234562, 233533, 239
234562, 233534, 361
234562, 233535, 7
234562, 233536, 14
234562, 233537, 55
234562, 233538, 110
234561, 233532, 0
234561, 233533, 0
234561, 233534, 500
234561, 233535, 0
234561, 233536, 0
234561, 233537, 0
234561, 233538, 500
234560, 233532, 346
234560, 233533, 342
234560, 233534, 0
234560, 233535, 15
234560, 233536, 0
234560, 233537, 99
234560, 233538, 198
234563, 233532, 0
234563, 233533, 270
234563, 233534, 246
234563, 233535, 0
234563, 233536, 0
234563, 233537, 0
234563, 233538, 484
234559, 233532, 120
234559, 233533, 180
234559, 233534, 57
234559, 233535, 0
234559, 233536, 0
234559, 233537, 0
234559, 233538, 643
