17709, 18798, 1
17709, 18799, 222
17709, 18800, 56
17709, 18801, 0
17709, 18802, 111
17709, 18803, 194
17709, 18804, 194
17709, 18805, 0
17709, 18806, 222
17709, 18807, 0
17710, 18798, 0
17710, 18799, 25
17710, 18800, 307
17710, 18801, 308
17710, 18802, 103
17710, 18803, 0
17710, 18804, 0
17710, 18805, 154
17710, 18806, 0
17710, 18807, 103
17711, 18798, 315
17711, 18799, 316
17711, 18800, 79
17711, 18801, 79
17711, 18802, 79
17711, 18803, 79
17711, 18804, 0
17711, 18805, 0
17711, 18806, 53
17711, 18807, 0
17712, 18798, 13
17712, 18799, 0
17712, 18800, 136
17712, 18801, 248
17712, 18802, 135
17712, 18803, 136
17712, 18804, 135
17712, 18805, 134
17712, 18806, 0
17712, 18807, 63
17713, 18798, 208
17713, 18799, 0
17713, 18800, 1
17713, 18801, 0
17713, 18802, 0
17713, 18803, 0
17713, 18804, 103
17713, 18805, 210
17713, 18806, 174
17713, 18807, 304
