179339, 178885, 500
179339, 178886, 83
179339, 178887, 167
179339, 178888, 0
179339, 178889, 250
179339, 178890, 0
179343, 178885, 115
179343, 178886, 35
179343, 178887, 218
179343, 178888, 125
179343, 178889, 316
179343, 178890, 191
179342, 178885, 0
179342, 178886, 0
179342, 178887, 400
179342, 178888, 0
179342, 178889, 400
179342, 178890, 200
179341, 178885, 1
179341, 178886, 333
179341, 178887, 0
179341, 178888, 0
179341, 178889, 333
179341, 178890, 333
179344, 178885, 249
179344, 178886, 0
179344, 178887, 500
179344, 178888, 0
179344, 178889, 251
179344, 178890, 0
179340, 178885, 0
179340, 178886, 0
179340, 178887, 0
179340, 178888, 0
179340, 178889, 0
179340, 178890, 1000
