50345, 52117, 18
50345, 52118, 55
50345, 52119, 36
50345, 52120, 109
50345, 52121, 91
50345, 52122, 127
50345, 52123, 164
50345, 52124, 73
50345, 52125, 145
50345, 52126, 182
50344, 52117, 186
50344, 52118, 163
50344, 52119, 142
50344, 52120, 121
50344, 52121, 107
50344, 52122, 89
50344, 52123, 76
50344, 52124, 57
50344, 52125, 40
50344, 52126, 19
50343, 52117, 109
50343, 52118, 132
50343, 52119, 1
50343, 52120, 64
50343, 52121, 94
50343, 52122, 168
50343, 52123, 24
50343, 52124, 141
50343, 52125, 98
50343, 52126, 169
