131300, 131184, 183
131300, 131185, 147
131300, 131186, 232
131300, 131187, 129
131300, 131188, 4
131300, 131189, 155
131300, 131190, 150
131302, 131184, 92
131302, 131185, 0
131302, 131186, 0
131302, 131187, 900
131302, 131188, 8
131302, 131189, 0
131302, 131190, 0
131301, 131184, 61
131301, 131185, 0
131301, 131186, 324
131301, 131187, 324
131301, 131188, 27
131301, 131189, 155
131301, 131190, 109
131299, 131184, 178
131299, 131185, 174
131299, 131186, 275
131299, 131187, 279
131299, 131188, 0
131299, 131189, 94
131299, 131190, 0
