107359, 107935, 496
107359, 107936, 0
107359, 107937, 0
107359, 107938, 195
107359, 107939, 0
107359, 107940, 0
107359, 107941, 309
107359, 107942, 0
107360, 107935, 798
107360, 107936, 131
107360, 107937, 29
107360, 107938, 7
107360, 107939, 3
107360, 107940, 3
107360, 107941, 12
107360, 107942, 17
107361, 107935, 618
107361, 107936, 115
107361, 107937, 86
107361, 107938, 8
107361, 107939, 21
107361, 107940, 51
107361, 107941, 41
107361, 107942, 60
107362, 107935, 659
107362, 107936, 103
107362, 107937, 69
107362, 107938, 44
107362, 107939, 73
107362, 107940, 11
107362, 107941, 29
107362, 107942, 12
107363, 107935, 532
107363, 107936, 84
107363, 107937, 80
107363, 107938, 73
107363, 107939, 65
107363, 107940, 58
107363, 107941, 44
107363, 107942, 64
107364, 107935, 58
107364, 107936, 508
107364, 107937, 95
107364, 107938, 65
107364, 107939, 79
107364, 107940, 66
107364, 107941, 61
107364, 107942, 68
107365, 107935, 61
107365, 107936, 395
107365, 107937, 115
107365, 107938, 103
107365, 107939, 85
107365, 107940, 108
107365, 107941, 61
107365, 107942, 72
107366, 107935, 46
107366, 107936, 532
107366, 107937, 70
107366, 107938, 86
107366, 107939, 67
107366, 107940, 53
107366, 107941, 81
107366, 107942, 65
107367, 107935, 100
107367, 107936, 64
107367, 107937, 443
107367, 107938, 108
107367, 107939, 78
107367, 107940, 87
107367, 107941, 64
107367, 107942, 56
107368, 107935, 71
107368, 107936, 499
107368, 107937, 116
107368, 107938, 71
107368, 107939, 41
107368, 107940, 68
107368, 107941, 66
107368, 107942, 68
