156490, 155579, 200
156490, 155580, 200
156490, 155581, 420
156490, 155582, 80
156490, 155583, 60
156490, 155584, 40
156490, 155585, 0
156491, 155579, 0
156491, 155580, 0
156491, 155581, 0
156491, 155582, 0
156491, 155583, 0
156491, 155584, 0
156491, 155585, 1000
156492, 155579, 0
156492, 155580, 0
156492, 155581, 0
156492, 155582, 0
156492, 155583, 0
156492, 155584, 1000
156492, 155585, 0
156493, 155579, 0
156493, 155580, 0
156493, 155581, 0
156493, 155582, 0
156493, 155583, 0
156493, 155584, 0
156493, 155585, 1000
156494, 155579, 1
156494, 155580, 2
156494, 155581, 4
156494, 155582, 5
156494, 155583, 7
156494, 155584, 9
156494, 155585, 972
