190237, 189946, 0
190237, 189947, 0
190237, 189948, 0
190237, 189949, 0
190237, 189950, 364
190237, 189951, 272
190237, 189952, 364
190237, 189953, 0
190237, 189954, 0
190237, 189955, 0
190237, 189956, 0
190238, 189946, 90
190238, 189947, 91
190238, 189948, 91
190238, 189949, 91
190238, 189950, 91
190238, 189951, 91
190238, 189952, 91
190238, 189953, 91
190238, 189954, 91
190238, 189955, 91
190238, 189956, 91
190239, 189946, 166
190239, 189947, 166
190239, 189948, 167
190239, 189949, 0
190239, 189950, 167
190239, 189951, 167
190239, 189952, 167
190239, 189953, 0
190239, 189954, 0
190239, 189955, 0
190239, 189956, 0
