126293, 126154, 300
126293, 126155, 60
126293, 126156, 500
126293, 126157, 110
126293, 126158, 30
126294, 126154, 0
126294, 126155, 60
126294, 126156, 500
126294, 126157, 110
126294, 126158, 330
126295, 126154, 330
126295, 126155, 60
126295, 126156, 500
126295, 126157, 110
126295, 126158, 0
126298, 126154, 0
126298, 126155, 90
126298, 126156, 746
126298, 126157, 164
126298, 126158, 0
126296, 126154, 0
126296, 126155, 90
126296, 126156, 746
126296, 126157, 164
126296, 126158, 0
126297, 126154, 0
126297, 126155, 90
126297, 126156, 746
126297, 126157, 164
126297, 126158, 0
