228215, 227101, 0
228215, 227102, 100
228215, 227103, 700
228215, 227104, 0
228215, 227105, 0
228215, 227106, 0
228215, 227107, 0
228215, 227108, 200
228213, 227101, 0
228213, 227102, 444
228213, 227103, 104
228213, 227104, 121
228213, 227105, 66
228213, 227106, 230
228213, 227107, 9
228213, 227108, 26
228218, 227101, 0
228218, 227102, 261
228218, 227103, 143
228218, 227104, 100
228218, 227105, 130
228218, 227106, 49
228218, 227107, 64
228218, 227108, 253
228216, 227101, 187
228216, 227102, 509
228216, 227103, 0
228216, 227104, 0
228216, 227105, 35
228216, 227106, 48
228216, 227107, 0
228216, 227108, 221
228214, 227101, 25
228214, 227102, 70
228214, 227103, 91
228214, 227104, 103
228214, 227105, 436
228214, 227106, 36
228214, 227107, 97
228214, 227108, 142
228212, 227101, 100
228212, 227102, 114
228212, 227103, 131
228212, 227104, 238
228212, 227105, 109
228212, 227106, 58
228212, 227107, 50
228212, 227108, 200
228217, 227101, 123
228217, 227102, 145
228217, 227103, 166
228217, 227104, 175
228217, 227105, 61
228217, 227106, 43
228217, 227107, 102
228217, 227108, 185
228219, 227101, 84
228219, 227102, 71
228219, 227103, 47
228219, 227104, 103
228219, 227105, 74
228219, 227106, 98
228219, 227107, 110
228219, 227108, 413
