238869, 237794, 17
238869, 237795, 100
238869, 237796, 33
238869, 237797, 167
238869, 237798, 83
238869, 237799, 150
238869, 237800, 217
238869, 237801, 233
238870, 237794, 150
238870, 237795, 17
238870, 237796, 83
238870, 237797, 33
238870, 237798, 217
238870, 237799, 167
238870, 237800, 233
238870, 237801, 100
238871, 237794, 100
238871, 237795, 233
238871, 237796, 83
238871, 237797, 167
238871, 237798, 33
238871, 237799, 150
238871, 237800, 17
238871, 237801, 217
238872, 237794, 217
238872, 237795, 83
238872, 237796, 167
238872, 237797, 17
238872, 237798, 150
238872, 237799, 33
238872, 237800, 233
238872, 237801, 100
238873, 237794, 217
238873, 237795, 233
238873, 237796, 17
238873, 237797, 100
238873, 237798, 33
238873, 237799, 83
238873, 237800, 167
238873, 237801, 150
238874, 237794, 233
238874, 237795, 167
238874, 237796, 17
238874, 237797, 100
238874, 237798, 33
238874, 237799, 83
238874, 237800, 217
238874, 237801, 150
238875, 237794, 125
238875, 237795, 125
238875, 237796, 125
238875, 237797, 125
238875, 237798, 125
238875, 237799, 125
238875, 237800, 125
238875, 237801, 125
238876, 237794, 283
238876, 237795, 304
238876, 237796, 0
238876, 237797, 0
238876, 237798, 0
238876, 237799, 0
238876, 237800, 196
238876, 237801, 217
