19651, 20895, 304
19651, 20896, 121
19651, 20897, 1
19651, 20898, 3
19651, 20899, 242
19651, 20900, 242
19651, 20901, 3
19651, 20902, 29
19651, 20903, 0
19651, 20904, 15
19651, 20905, 0
19651, 20906, 0
19651, 20907, 1
19651, 20908, 36
19651, 20909, 3
19652, 20895, 419
19652, 20896, 120
19652, 20897, 1
19652, 20898, 3
19652, 20899, 288
19652, 20900, 121
19652, 20901, 1
19652, 20902, 29
19652, 20903, 0
19652, 20904, 14
19652, 20905, 0
19652, 20906, 0
19652, 20907, 0
19652, 20908, 1
19652, 20909, 3
