171612, 170513, 87
171612, 170514, 87
171612, 170515, 88
171612, 170516, 35
171612, 170517, 35
171612, 170518, 35
171612, 170519, 18
171612, 170520, 18
171612, 170521, 18
171612, 170522, 88
171612, 170523, 88
171612, 170524, 88
171612, 170525, 105
171612, 170526, 105
171612, 170527, 105
171613, 170513, 59
171613, 170514, 59
171613, 170515, 59
171613, 170516, 73
171613, 170517, 72
171613, 170518, 72
171613, 170519, 87
171613, 170520, 87
171613, 170521, 87
171613, 170522, 72
171613, 170523, 72
171613, 170524, 72
171613, 170525, 43
171613, 170526, 43
171613, 170527, 43
171614, 170513, 62
171614, 170514, 62
171614, 170515, 63
171614, 170516, 83
171614, 170517, 83
171614, 170518, 83
171614, 170519, 73
171614, 170520, 73
171614, 170521, 73
171614, 170522, 63
171614, 170523, 63
171614, 170524, 63
171614, 170525, 52
171614, 170526, 52
171614, 170527, 52
171615, 170513, 64
171615, 170514, 64
171615, 170515, 65
171615, 170516, 54
171615, 170517, 54
171615, 170518, 54
171615, 170519, 75
171615, 170520, 75
171615, 170521, 75
171615, 170522, 86
171615, 170523, 86
171615, 170524, 86
171615, 170525, 54
171615, 170526, 54
171615, 170527, 54
171616, 170513, 81
171616, 170514, 81
171616, 170515, 81
171616, 170516, 70
171616, 170517, 69
171616, 170518, 69
171616, 170519, 57
171616, 170520, 57
171616, 170521, 57
171616, 170522, 80
171616, 170523, 80
171616, 170524, 80
171616, 170525, 46
171616, 170526, 46
171616, 170527, 46
171617, 170513, 65
171617, 170514, 64
171617, 170515, 64
171617, 170516, 77
171617, 170517, 77
171617, 170518, 77
171617, 170519, 77
171617, 170520, 77
171617, 170521, 77
171617, 170522, 51
171617, 170523, 51
171617, 170524, 51
171617, 170525, 64
171617, 170526, 64
171617, 170527, 64
