172174, 171096, 0
172174, 171097, 700
172174, 171098, 300
172174, 171099, 0
172174, 171100, 0
172174, 171101, 0
172174, 171102, 0
172174, 171103, 0
172174, 171104, 0
172175, 171096, 0
172175, 171097, 0
172175, 171098, 700
172175, 171099, 300
172175, 171100, 0
172175, 171101, 0
172175, 171102, 0
172175, 171103, 0
172175, 171104, 0
172176, 171096, 0
172176, 171097, 0
172176, 171098, 0
172176, 171099, 700
172176, 171100, 300
172176, 171101, 0
172176, 171102, 0
172176, 171103, 0
172176, 171104, 0
172177, 171096, 0
172177, 171097, 0
172177, 171098, 0
172177, 171099, 0
172177, 171100, 700
172177, 171101, 0
172177, 171102, 100
172177, 171103, 100
172177, 171104, 100
172178, 171096, 0
172178, 171097, 0
172178, 171098, 0
172178, 171099, 0
172178, 171100, 0
172178, 171101, 700
172178, 171102, 100
172178, 171103, 100
172178, 171104, 100
172179, 171096, 90
172179, 171097, 495
172179, 171098, 100
172179, 171099, 100
172179, 171100, 100
172179, 171101, 100
172179, 171102, 5
172179, 171103, 5
172179, 171104, 5
