12863, 13051, 2
12863, 13052, 15
12863, 13053, 25
12863, 13054, 2
12863, 13055, 2
12863, 13056, 0
12863, 13057, 0
12863, 13058, 6
12863, 13059, 0
12863, 13060, 0
12863, 13061, 32
12863, 13062, 0
12863, 13063, 108
12863, 13064, 48
12863, 13065, 36
12863, 13066, 18
12863, 13067, 0
12863, 13068, 0
12863, 13069, 0
12863, 13070, 0
12863, 13071, 9
12863, 13072, 9
12863, 13073, 5
12863, 13074, 5
12863, 13075, 7
12863, 13076, 0
12863, 13077, 68
12863, 13078, 0
12863, 13079, 0
12863, 13080, 18
12863, 13081, 80
12863, 13082, 7
12863, 13083, 0
12863, 13084, 0
12863, 13085, 0
12863, 13086, 3
12863, 13087, 0
12863, 13088, 0
12863, 13089, 0
12863, 13090, 0
12863, 13091, 0
12863, 13092, 32
12863, 13093, 29
12863, 13094, 28
12863, 13095, 0
12863, 13096, 0
12863, 13097, 0
12863, 13098, 30
12863, 13099, 0
12863, 13100, 9
12863, 13101, 5
12863, 13102, 0
12863, 13103, 68
12863, 13104, 30
12863, 13105, 9
12863, 13106, 0
12863, 13107, 0
12863, 13108, 32
12863, 13109, 3
12863, 13110, 18
12863, 13111, 0
12863, 13112, 0
12863, 13113, 5
12863, 13114, 27
12863, 13115, 7
12863, 13116, 0
12863, 13117, 0
12863, 13118, 9
12863, 13119, 9
12863, 13120, 45
12863, 13121, 0
12863, 13122, 0
12863, 13123, 0
12863, 13124, 0
12863, 13125, 0
12863, 13126, 13
12863, 13127, 3
12863, 13128, 0
12863, 13129, 20
12863, 13130, 5
12863, 13131, 0
12863, 13132, 9
12863, 13133, 45
12863, 13134, 0
12863, 13135, 5
12864, 13051, 0
12864, 13052, 2
12864, 13053, 0
12864, 13054, 1
12864, 13055, 36
12864, 13056, 0
12864, 13057, 1
12864, 13058, 1
12864, 13059, 1
12864, 13060, 50
12864, 13061, 6
12864, 13062, 50
12864, 13063, 21
12864, 13064, 30
12864, 13065, 50
12864, 13066, 30
12864, 13067, 0
12864, 13068, 10
12864, 13069, 1
12864, 13070, 0
12864, 13071, 1
12864, 13072, 1
12864, 13073, 26
12864, 13074, 0
12864, 13075, 1
12864, 13076, 1
12864, 13077, 55
12864, 13078, 0
12864, 13079, 16
12864, 13080, 60
12864, 13081, 50
12864, 13082, 10
12864, 13083, 1
12864, 13084, 0
12864, 13085, 10
12864, 13086, 2
12864, 13087, 0
12864, 13088, 2
12864, 13089, 1
12864, 13090, 50
12864, 13091, 6
12864, 13092, 1
12864, 13093, 31
12864, 13094, 1
12864, 13095, 0
12864, 13096, 4
12864, 13097, 0
12864, 13098, 35
12864, 13099, 1
12864, 13100, 10
12864, 13101, 4
12864, 13102, 0
12864, 13103, 50
12864, 13104, 0
12864, 13105, 0
12864, 13106, 0
12864, 13107, 0
12864, 13108, 3
12864, 13109, 3
12864, 13110, 130
12864, 13111, 0
12864, 13112, 1
12864, 13113, 0
12864, 13114, 4
12864, 13115, 11
12864, 13116, 11
12864, 13117, 0
12864, 13118, 1
12864, 13119, 10
12864, 13120, 0
12864, 13121, 24
12864, 13122, 1
12864, 13123, 10
12864, 13124, 1
12864, 13125, 2
12864, 13126, 1
12864, 13127, 6
12864, 13128, 24
12864, 13129, 1
12864, 13130, 1
12864, 13131, 1
12864, 13132, 1
12864, 13133, 12
12864, 13134, 1
12864, 13135, 20
12865, 13051, 1
12865, 13052, 2
12865, 13053, 76
12865, 13054, 0
12865, 13055, 0
12865, 13056, 0
12865, 13057, 0
12865, 13058, 0
12865, 13059, 19
12865, 13060, 44
12865, 13061, 48
12865, 13062, 44
12865, 13063, 0
12865, 13064, 0
12865, 13065, 0
12865, 13066, 4
12865, 13067, 0
12865, 13068, 0
12865, 13069, 0
12865, 13070, 0
12865, 13071, 0
12865, 13072, 0
12865, 13073, 0
12865, 13074, 0
12865, 13075, 0
12865, 13076, 7
12865, 13077, 0
12865, 13078, 182
12865, 13079, 0
12865, 13080, 0
12865, 13081, 0
12865, 13082, 0
12865, 13083, 0
12865, 13084, 0
12865, 13085, 0
12865, 13086, 0
12865, 13087, 0
12865, 13088, 0
12865, 13089, 0
12865, 13090, 0
12865, 13091, 15
12865, 13092, 0
12865, 13093, 0
12865, 13094, 0
12865, 13095, 0
12865, 13096, 0
12865, 13097, 0
12865, 13098, 0
12865, 13099, 0
12865, 13100, 0
12865, 13101, 0
12865, 13102, 0
12865, 13103, 0
12865, 13104, 0
12865, 13105, 11
12865, 13106, 0
12865, 13107, 0
12865, 13108, 258
12865, 13109, 247
12865, 13110, 27
12865, 13111, 0
12865, 13112, 0
12865, 13113, 0
12865, 13114, 0
12865, 13115, 0
12865, 13116, 0
12865, 13117, 0
12865, 13118, 0
12865, 13119, 0
12865, 13120, 0
12865, 13121, 0
12865, 13122, 0
12865, 13123, 0
12865, 13124, 0
12865, 13125, 0
12865, 13126, 0
12865, 13127, 15
12865, 13128, 0
12865, 13129, 0
12865, 13130, 0
12865, 13131, 0
12865, 13132, 0
12865, 13133, 0
12865, 13134, 0
12865, 13135, 0
