238965, 237880, 56
238965, 237881, 28
238965, 237882, 111
238965, 237883, 83
238965, 237884, 194
238965, 237885, 222
238965, 237886, 167
238965, 237887, 139
238966, 237880, 0
238966, 237881, 0
238966, 237882, 0
238966, 237883, 0
238966, 237884, 0
238966, 237885, 0
238966, 237886, 1000
238966, 237887, 0
238967, 237880, 125
238967, 237881, 125
238967, 237882, 125
238967, 237883, 125
238967, 237884, 125
238967, 237885, 125
238967, 237886, 125
238967, 237887, 125
238968, 237880, 406
238968, 237881, 81
238968, 237882, 40
238968, 237883, 4
238968, 237884, 20
238968, 237885, 283
238968, 237886, 97
238968, 237887, 69
