107345, 107921, 0
107345, 107922, 0
107345, 107923, 1000
107345, 107924, 0
107345, 107925, 0
107345, 107926, 0
107345, 107927, 0
107345, 107928, 0
107345, 107929, 0
107345, 107930, 0
107343, 107921, 0
107343, 107922, 0
107343, 107923, 0
107343, 107924, 0
107343, 107925, 0
107343, 107926, 1000
107343, 107927, 0
107343, 107928, 0
107343, 107929, 0
107343, 107930, 0
107344, 107921, 0
107344, 107922, 0
107344, 107923, 0
107344, 107924, 0
107344, 107925, 0
107344, 107926, 1000
107344, 107927, 0
107344, 107928, 0
107344, 107929, 0
107344, 107930, 0
107346, 107921, 0
107346, 107922, 0
107346, 107923, 0
107346, 107924, 0
107346, 107925, 0
107346, 107926, 0
107346, 107927, 1000
107346, 107928, 0
107346, 107929, 0
107346, 107930, 0
107347, 107921, 0
107347, 107922, 0
107347, 107923, 0
107347, 107924, 0
107347, 107925, 0
107347, 107926, 0
107347, 107927, 0
107347, 107928, 0
107347, 107929, 0
107347, 107930, 1000
107348, 107921, 0
107348, 107922, 0
107348, 107923, 1000
107348, 107924, 0
107348, 107925, 0
107348, 107926, 0
107348, 107927, 0
107348, 107928, 0
107348, 107929, 0
107348, 107930, 0
107349, 107921, 0
107349, 107922, 0
107349, 107923, 0
107349, 107924, 0
107349, 107925, 0
107349, 107926, 0
107349, 107927, 0
107349, 107928, 0
107349, 107929, 0
107349, 107930, 1000
107350, 107921, 0
107350, 107922, 0
107350, 107923, 0
107350, 107924, 0
107350, 107925, 0
107350, 107926, 1000
107350, 107927, 0
107350, 107928, 0
107350, 107929, 0
107350, 107930, 0
107351, 107921, 0
107351, 107922, 0
107351, 107923, 0
107351, 107924, 0
107351, 107925, 0
107351, 107926, 1000
107351, 107927, 0
107351, 107928, 0
107351, 107929, 0
107351, 107930, 0
107352, 107921, 0
107352, 107922, 0
107352, 107923, 0
107352, 107924, 0
107352, 107925, 0
107352, 107926, 1000
107352, 107927, 0
107352, 107928, 0
107352, 107929, 0
107352, 107930, 0
