150881, 150268, 0
150881, 150269, 0
150881, 150270, 50
150881, 150271, 130
150881, 150272, 0
150881, 150273, 5
150881, 150274, 0
150881, 150275, 0
150881, 150276, 5
150881, 150277, 140
150881, 150278, 70
150881, 150279, 125
150881, 150280, 475
150882, 150268, 0
150882, 150269, 200
150882, 150270, 0
150882, 150271, 40
150882, 150272, 175
150882, 150273, 0
150882, 150274, 230
150882, 150275, 105
150882, 150276, 0
150882, 150277, 5
150882, 150278, 5
150882, 150279, 75
150882, 150280, 165
150883, 150268, 0
150883, 150269, 0
150883, 150270, 50
150883, 150271, 130
150883, 150272, 0
150883, 150273, 5
150883, 150274, 0
150883, 150275, 0
150883, 150276, 5
150883, 150277, 140
150883, 150278, 70
150883, 150279, 125
150883, 150280, 475
