190256, 189978, 4
190256, 189979, 183
190256, 189980, 183
190256, 189981, 140
190256, 189982, 0
190256, 189983, 170
190256, 189984, 142
190256, 189985, 141
190256, 189986, 2
190256, 189987, 0
190256, 189988, 35
190258, 189978, 0
190258, 189979, 182
190258, 189980, 182
190258, 189981, 182
190258, 189982, 0
190258, 189983, 164
190258, 189984, 145
190258, 189985, 145
190258, 189986, 0
190258, 189987, 0
190258, 189988, 0
190257, 189978, 68
190257, 189979, 91
190257, 189980, 88
190257, 189981, 103
190257, 189982, 74
190257, 189983, 108
190257, 189984, 106
190257, 189985, 109
190257, 189986, 98
190257, 189987, 76
190257, 189988, 79
