47369, 49123, 0
47369, 49124, 550
47369, 49125, 350
47369, 49126, 0
47369, 49127, 0
47369, 49128, 100
47369, 49129, 0
47370, 49123, 0
47370, 49124, 550
47370, 49125, 350
47370, 49126, 0
47370, 49127, 0
47370, 49128, 100
47370, 49129, 0
47371, 49123, 200
47371, 49124, 200
47371, 49125, 0
47371, 49126, 270
47371, 49127, 0
47371, 49128, 0
47371, 49129, 330
47372, 49123, 200
47372, 49124, 200
47372, 49125, 0
47372, 49126, 270
47372, 49127, 0
47372, 49128, 0
47372, 49129, 330
47373, 49123, 0
47373, 49124, 300
47373, 49125, 500
47373, 49126, 0
47373, 49127, 200
47373, 49128, 0
47373, 49129, 0
47374, 49123, 0
47374, 49124, 300
47374, 49125, 500
47374, 49126, 0
47374, 49127, 200
47374, 49128, 0
47374, 49129, 0
47375, 49123, 0
47375, 49124, 300
47375, 49125, 500
47375, 49126, 0
47375, 49127, 200
47375, 49128, 0
47375, 49129, 0
47376, 49123, 136
47376, 49124, 136
47376, 49125, 136
47376, 49126, 136
47376, 49127, 136
47376, 49128, 160
47376, 49129, 160
47377, 49123, 136
47377, 49124, 136
47377, 49125, 136
47377, 49126, 136
47377, 49127, 136
47377, 49128, 160
47377, 49129, 160
47378, 49123, 136
47378, 49124, 136
47378, 49125, 136
47378, 49126, 136
47378, 49127, 136
47378, 49128, 160
47378, 49129, 160
