56860, 58406, 48
56860, 58407, 95
56860, 58408, 286
56860, 58409, 190
56860, 58410, 238
56860, 58411, 143
56861, 58406, 48
56861, 58407, 95
56861, 58408, 286
56861, 58409, 143
56861, 58410, 238
56861, 58411, 190
56862, 58406, 48
56862, 58407, 143
56862, 58408, 286
56862, 58409, 95
56862, 58410, 238
56862, 58411, 190
56863, 58406, 48
56863, 58407, 95
56863, 58408, 286
56863, 58409, 238
56863, 58410, 190
56863, 58411, 143
56864, 58406, 190
56864, 58407, 48
56864, 58408, 286
56864, 58409, 95
56864, 58410, 238
56864, 58411, 143
56865, 58406, 95
56865, 58407, 48
56865, 58408, 286
56865, 58409, 143
56865, 58410, 238
56865, 58411, 190
