209710, 208726, 73
209710, 208727, 104
209710, 208728, 14
209710, 208729, 29
209710, 208730, 0
209710, 208731, 46
209710, 208732, 206
209710, 208733, 262
209710, 208734, 266
209711, 208726, 64
209711, 208727, 195
209711, 208728, 25
209711, 208729, 24
209711, 208730, 33
209711, 208731, 259
209711, 208732, 0
209711, 208733, 171
209711, 208734, 229
209712, 208726, 294
209712, 208727, 32
209712, 208728, 35
209712, 208729, 31
209712, 208730, 30
209712, 208731, 27
209712, 208732, 295
209712, 208733, 256
209712, 208734, 0
209713, 208726, 235
209713, 208727, 142
209713, 208728, 130
209713, 208729, 118
209713, 208730, 89
209713, 208731, 85
209713, 208732, 90
209713, 208733, 0
209713, 208734, 111
209714, 208726, 0
209714, 208727, 508
209714, 208728, 0
209714, 208729, 0
209714, 208730, 170
209714, 208731, 160
209714, 208732, 162
209714, 208733, 0
209714, 208734, 0
209715, 208726, 0
209715, 208727, 0
209715, 208728, 434
209715, 208729, 0
209715, 208730, 307
209715, 208731, 0
209715, 208732, 0
209715, 208733, 259
209715, 208734, 0
