50499, 52288, 217
50499, 52289, 147
50499, 52290, 131
50499, 52291, 211
50499, 52292, 95
50499, 52293, 105
50499, 52294, 42
50499, 52295, 35
50499, 52296, 17
50499, 52297, 0
50500, 52288, 49
50500, 52289, 296
50500, 52290, 295
50500, 52291, 58
50500, 52292, 58
50500, 52293, 58
50500, 52294, 0
50500, 52295, 186
50500, 52296, 0
50500, 52297, 0
50501, 52288, 0
50501, 52289, 0
50501, 52290, 0
50501, 52291, 0
50501, 52292, 0
50501, 52293, 0
50501, 52294, 425
50501, 52295, 98
50501, 52296, 244
50501, 52297, 233
50502, 52288, 119
50502, 52289, 120
50502, 52290, 108
50502, 52291, 88
50502, 52292, 85
50502, 52293, 87
50502, 52294, 82
50502, 52295, 108
50502, 52296, 108
50502, 52297, 95
