46280, 48001, 135
46280, 48002, 1
46280, 48003, 32
46280, 48004, 38
46280, 48005, 11
46280, 48006, 27
46280, 48007, 296
46280, 48008, 99
46280, 48009, 3
46280, 48010, 139
46280, 48011, 219
46281, 48001, 122
46281, 48002, 97
46281, 48003, 101
46281, 48004, 96
46281, 48005, 105
46281, 48006, 106
46281, 48007, 90
46281, 48008, 59
46281, 48009, 78
46281, 48010, 139
46281, 48011, 7
46282, 48001, 9
46282, 48002, 159
46282, 48003, 0
46282, 48004, 27
46282, 48005, 18
46282, 48006, 67
46282, 48007, 359
46282, 48008, 194
46282, 48009, 88
46282, 48010, 45
46282, 48011, 34
