172627, 171647, 156
172627, 171648, 178
172627, 171649, 200
172627, 171650, 89
172627, 171651, 111
172627, 171652, 133
172627, 171653, 44
172627, 171654, 22
172627, 171655, 67
172628, 171647, 156
172628, 171648, 178
172628, 171649, 200
172628, 171650, 111
172628, 171651, 67
172628, 171652, 89
172628, 171653, 44
172628, 171654, 133
172628, 171655, 22
172629, 171647, 200
172629, 171648, 178
172629, 171649, 156
172629, 171650, 133
172629, 171651, 111
172629, 171652, 89
172629, 171653, 67
172629, 171654, 44
172629, 171655, 22
