176109, 175254, 75
176109, 175255, 76
176109, 175256, 78
176109, 175257, 81
176109, 175258, 89
176109, 175259, 86
176109, 175260, 86
176109, 175261, 86
176109, 175262, 75
176109, 175263, 90
176109, 175264, 90
176109, 175265, 88
176110, 175254, 122
176110, 175255, 124
176110, 175256, 64
176110, 175257, 96
176110, 175258, 111
176110, 175259, 86
176110, 175260, 111
176110, 175261, 94
176110, 175262, 0
176110, 175263, 107
176110, 175264, 85
176110, 175265, 0
176111, 175254, 99
176111, 175255, 73
176111, 175256, 105
176111, 175257, 82
176111, 175258, 78
176111, 175259, 61
176111, 175260, 111
176111, 175261, 75
176111, 175262, 63
176111, 175263, 100
176111, 175264, 89
176111, 175265, 64
176112, 175254, 54
176112, 175255, 45
176112, 175256, 72
176112, 175257, 94
176112, 175258, 78
176112, 175259, 96
176112, 175260, 82
176112, 175261, 62
176112, 175262, 68
176112, 175263, 131
176112, 175264, 95
176112, 175265, 123
