160837, 159821, 200
160837, 159822, 200
160837, 159823, 400
160837, 159824, 0
160837, 159825, 0
160837, 159826, 0
160837, 159827, 0
160837, 159828, 200
160837, 159829, 0
160837, 159830, 0
160837, 159831, 0
160837, 159832, 0
160838, 159821, 166
160838, 159822, 0
160838, 159823, 0
160838, 159824, 167
160838, 159825, 0
160838, 159826, 0
160838, 159827, 167
160838, 159828, 0
160838, 159829, 333
160838, 159830, 0
160838, 159831, 167
160838, 159832, 0
160839, 159821, 0
160839, 159822, 200
160839, 159823, 0
160839, 159824, 0
160839, 159825, 0
160839, 159826, 200
160839, 159827, 200
160839, 159828, 100
160839, 159829, 100
160839, 159830, 100
160839, 159831, 100
160839, 159832, 0
160840, 159821, 0
160840, 159822, 0
160840, 159823, 125
160840, 159824, 250
160840, 159825, 250
160840, 159826, 0
160840, 159827, 0
160840, 159828, 0
160840, 159829, 0
160840, 159830, 250
160840, 159831, 0
160840, 159832, 125
