15783, 16712, 512
15783, 16713, 462
15783, 16714, 0
15783, 16715, 0
15783, 16716, 0
15783, 16717, 0
15783, 16718, 0
15783, 16719, 0
15783, 16720, 0
15783, 16721, 10
15783, 16722, 8
15783, 16723, 5
15783, 16724, 3
15783, 16725, 0
15783, 16726, 0
15784, 16712, 182
15784, 16713, 164
15784, 16714, 145
15784, 16715, 127
15784, 16716, 109
15784, 16717, 91
15784, 16718, 73
15784, 16719, 55
15784, 16720, 36
15784, 16721, 18
15784, 16722, 0
15784, 16723, 0
15784, 16724, 0
15784, 16725, 0
15784, 16726, 0
15785, 16712, 103
15785, 16713, 97
15785, 16714, 92
15785, 16715, 87
15785, 16716, 82
15785, 16717, 77
15785, 16718, 72
15785, 16719, 67
15785, 16720, 62
15785, 16721, 56
15785, 16722, 51
15785, 16723, 46
15785, 16724, 41
15785, 16725, 36
15785, 16726, 31
15786, 16712, 128
15786, 16713, 64
15786, 16714, 101
15786, 16715, 126
15786, 16716, 13
15786, 16717, 103
15786, 16718, 10
15786, 16719, 1
15786, 16720, 126
15786, 16721, 1
15786, 16722, 126
15786, 16723, 88
15786, 16724, 103
15786, 16725, 1
15786, 16726, 9
15787, 16712, 124
15787, 16713, 98
15787, 16714, 110
15787, 16715, 98
15787, 16716, 86
15787, 16717, 80
15787, 16718, 61
15787, 16719, 61
15787, 16720, 61
15787, 16721, 55
15787, 16722, 49
15787, 16723, 37
15787, 16724, 37
15787, 16725, 31
15787, 16726, 12
