142036, 141862, 143
142036, 141863, 286
142036, 141864, 238
142036, 141865, 48
142036, 141866, 95
142036, 141867, 190
142037, 141862, 190
142037, 141863, 95
142037, 141864, 143
142037, 141865, 48
142037, 141866, 238
142037, 141867, 286
142038, 141862, 286
142038, 141863, 190
142038, 141864, 143
142038, 141865, 238
142038, 141866, 95
142038, 141867, 48
142039, 141862, 48
142039, 141863, 238
142039, 141864, 143
142039, 141865, 286
142039, 141866, 95
142039, 141867, 190
142040, 141862, 286
142040, 141863, 190
142040, 141864, 48
142040, 141865, 143
142040, 141866, 95
142040, 141867, 238
