53479, 55124, 158
53479, 55125, 195
53479, 55126, 257
53479, 55127, 0
53479, 55128, 0
53479, 55129, 71
53479, 55130, 0
53479, 55131, 154
53479, 55132, 165
53480, 55124, 1000
53480, 55125, 0
53480, 55126, 0
53480, 55127, 0
53480, 55128, 0
53480, 55129, 0
53480, 55130, 0
53480, 55131, 0
53480, 55132, 0
53481, 55124, 100
53481, 55125, 100
53481, 55126, 100
53481, 55127, 100
53481, 55128, 100
53481, 55129, 100
53481, 55130, 100
53481, 55131, 100
53481, 55132, 200
53482, 55124, 500
53482, 55125, 500
53482, 55126, 0
53482, 55127, 0
53482, 55128, 0
53482, 55129, 0
53482, 55130, 0
53482, 55131, 0
53482, 55132, 0
