27923, 29687, 111
27923, 29688, 96
27923, 29689, 117
27923, 29690, 184
27923, 29691, 246
27923, 29692, 246
27924, 29687, 168
27924, 29688, 167
27924, 29689, 173
27924, 29690, 167
27924, 29691, 167
27924, 29692, 158
27925, 29687, 16
27925, 29688, 18
27925, 29689, 912
27925, 29690, 15
27925, 29691, 18
27925, 29692, 21
27926, 29687, 55
27926, 29688, 292
27926, 29689, 227
27926, 29690, 130
27926, 29691, 296
27926, 29692, 0
27927, 29687, 19
27927, 29688, 23
27927, 29689, 906
27927, 29690, 10
27927, 29691, 18
27927, 29692, 24
