157734, 156892, 333
157734, 156893, 333
157734, 156894, 167
157734, 156895, 167
157734, 156896, 0
157734, 156897, 0
157735, 156892, 167
157735, 156893, 167
157735, 156894, 333
157735, 156895, 333
157735, 156896, 0
157735, 156897, 0
157736, 156892, 500
157736, 156893, 500
157736, 156894, 0
157736, 156895, 0
157736, 156896, 0
157736, 156897, 0
157737, 156892, 333
157737, 156893, 333
157737, 156894, 0
157737, 156895, 0
157737, 156896, 167
157737, 156897, 167
157738, 156892, 83
157738, 156893, 83
157738, 156894, 167
157738, 156895, 167
157738, 156896, 250
157738, 156897, 250
