15767, 16656, 182
15767, 16657, 0
15767, 16658, 164
15767, 16659, 18
15767, 16660, 145
15767, 16661, 36
15767, 16662, 127
15767, 16663, 55
15767, 16664, 109
15767, 16665, 73
15767, 16666, 91
15767, 16667, 0
15767, 16668, 0
15767, 16669, 0
15767, 16670, 0
15768, 16656, 200
15768, 16657, 0
15768, 16658, 178
15768, 16659, 22
15768, 16660, 156
15768, 16661, 44
15768, 16662, 133
15768, 16663, 67
15768, 16664, 111
15768, 16665, 89
15768, 16666, 0
15768, 16667, 0
15768, 16668, 0
15768, 16669, 0
15768, 16670, 0
15769, 16656, 66
15769, 16657, 66
15769, 16658, 66
15769, 16659, 66
15769, 16660, 66
15769, 16661, 67
15769, 16662, 67
15769, 16663, 67
15769, 16664, 67
15769, 16665, 67
15769, 16666, 67
15769, 16667, 67
15769, 16668, 67
15769, 16669, 67
15769, 16670, 67
