176200, 175359, 110
176200, 175360, 193
176200, 175361, 48
176200, 175362, 111
176200, 175363, 40
176200, 175364, 27
176200, 175365, 76
176200, 175366, 136
176200, 175367, 259
176201, 175359, 103
176201, 175360, 149
176201, 175361, 29
176201, 175362, 86
176201, 175363, 55
176201, 175364, 38
176201, 175365, 95
176201, 175366, 180
176201, 175367, 265
176202, 175359, 61
176202, 175360, 49
176202, 175361, 55
176202, 175362, 49
176202, 175363, 42
176202, 175364, 68
176202, 175365, 138
176202, 175366, 234
176202, 175367, 304
