142031, 141856, 143
142031, 141857, 286
142031, 141858, 238
142031, 141859, 48
142031, 141860, 95
142031, 141861, 190
142032, 141856, 190
142032, 141857, 95
142032, 141858, 143
142032, 141859, 48
142032, 141860, 238
142032, 141861, 286
142033, 141856, 286
142033, 141857, 190
142033, 141858, 143
142033, 141859, 238
142033, 141860, 95
142033, 141861, 48
142034, 141856, 48
142034, 141857, 238
142034, 141858, 143
142034, 141859, 286
142034, 141860, 95
142034, 141861, 190
142035, 141856, 286
142035, 141857, 190
142035, 141858, 48
142035, 141859, 143
142035, 141860, 95
142035, 141861, 238
