142047, 141874, 143
142047, 141875, 286
142047, 141876, 238
142047, 141877, 48
142047, 141878, 95
142047, 141879, 190
142048, 141874, 190
142048, 141875, 95
142048, 141876, 143
142048, 141877, 48
142048, 141878, 238
142048, 141879, 286
142049, 141874, 286
142049, 141875, 190
142049, 141876, 143
142049, 141877, 238
142049, 141878, 95
142049, 141879, 48
142050, 141874, 48
142050, 141875, 238
142050, 141876, 143
142050, 141877, 286
142050, 141878, 95
142050, 141879, 190
142051, 141874, 286
142051, 141875, 190
142051, 141876, 48
142051, 141877, 143
142051, 141878, 95
142051, 141879, 238
