27918, 29681, 111
27918, 29682, 96
27918, 29683, 117
27918, 29684, 184
27918, 29685, 246
27918, 29686, 246
27919, 29681, 168
27919, 29682, 167
27919, 29683, 173
27919, 29684, 167
27919, 29685, 167
27919, 29686, 158
27920, 29681, 0
27920, 29682, 29
27920, 29683, 971
27920, 29684, 0
27920, 29685, 0
27920, 29686, 0
27921, 29681, 55
27921, 29682, 292
27921, 29683, 227
27921, 29684, 130
27921, 29685, 296
27921, 29686, 0
27922, 29681, 0
27922, 29682, 25
27922, 29683, 975
27922, 29684, 0
27922, 29685, 0
27922, 29686, 0
