205265, 204382, 154
205265, 204383, 156
205265, 204384, 406
205265, 204385, 127
205265, 204386, 91
205265, 204387, 66
205266, 204382, 192
205266, 204383, 151
205266, 204384, 285
205266, 204385, 116
205266, 204386, 80
205266, 204387, 176
205267, 204382, 235
205267, 204383, 94
205267, 204384, 92
205267, 204385, 229
205267, 204386, 85
205267, 204387, 265
205268, 204382, 281
205268, 204383, 261
205268, 204384, 77
205268, 204385, 77
205268, 204386, 144
205268, 204387, 160
205269, 204382, 145
205269, 204383, 179
205269, 204384, 378
205269, 204385, 113
205269, 204386, 84
205269, 204387, 101
