161900, 160829, 48
161900, 160830, 104
161900, 160831, 55
161900, 160832, 98
161900, 160833, 60
161900, 160834, 138
161900, 160835, 14
161900, 160836, 60
161900, 160837, 70
161900, 160838, 36
161900, 160839, 96
161900, 160840, 60
161900, 160841, 161
161901, 160829, 44
161901, 160830, 140
161901, 160831, 68
161901, 160832, 19
161901, 160833, 66
161901, 160834, 46
161901, 160835, 151
161901, 160836, 80
161901, 160837, 50
161901, 160838, 27
161901, 160839, 152
161901, 160840, 104
161901, 160841, 53
161902, 160829, 39
161902, 160830, 96
161902, 160831, 57
161902, 160832, 87
161902, 160833, 189
161902, 160834, 95
161902, 160835, 90
161902, 160836, 150
161902, 160837, 29
161902, 160838, 0
161902, 160839, 51
161902, 160840, 68
161902, 160841, 49
161903, 160829, 34
161903, 160830, 22
161903, 160831, 93
161903, 160832, 75
161903, 160833, 112
161903, 160834, 68
161903, 160835, 105
161903, 160836, 113
161903, 160837, 40
161903, 160838, 84
161903, 160839, 73
161903, 160840, 105
161903, 160841, 76
161904, 160829, 62
161904, 160830, 29
161904, 160831, 68
161904, 160832, 132
161904, 160833, 68
161904, 160834, 94
161904, 160835, 68
161904, 160836, 38
161904, 160837, 14
161904, 160838, 53
161904, 160839, 157
161904, 160840, 95
161904, 160841, 122
