205270, 204388, 1000
205270, 204389, 0
205270, 204390, 0
205270, 204391, 0
205270, 204392, 0
205270, 204393, 0
205271, 204388, 192
205271, 204389, 151
205271, 204390, 285
205271, 204391, 116
205271, 204392, 80
205271, 204393, 176
205272, 204388, 1000
205272, 204389, 0
205272, 204390, 0
205272, 204391, 0
205272, 204392, 0
205272, 204393, 0
205273, 204388, 281
205273, 204389, 261
205273, 204390, 77
205273, 204391, 77
205273, 204392, 144
205273, 204393, 160
205274, 204388, 145
205274, 204389, 179
205274, 204390, 378
205274, 204391, 113
205274, 204392, 84
205274, 204393, 101
