221456, 220225, 99
221456, 220226, 269
221456, 220227, 78
221456, 220228, 34
221456, 220229, 24
221456, 220230, 131
221456, 220231, 231
221456, 220232, 134
221457, 220225, 57
221457, 220226, 169
221457, 220227, 117
221457, 220228, 65
221457, 220229, 72
221457, 220230, 181
221457, 220231, 96
221457, 220232, 243
221458, 220225, 212
221458, 220226, 213
221458, 220227, 131
221458, 220228, 0
221458, 220229, 0
221458, 220230, 226
221458, 220231, 218
221458, 220232, 0
221459, 220225, 176
221459, 220226, 108
221459, 220227, 162
221459, 220228, 97
221459, 220229, 61
221459, 220230, 167
221459, 220231, 146
221459, 220232, 83
221460, 220225, 138
221460, 220226, 235
221460, 220227, 76
221460, 220228, 101
221460, 220229, 57
221460, 220230, 103
221460, 220231, 106
221460, 220232, 184
