15802, 16744, 140
15802, 16745, 94
15802, 16746, 46
15802, 16747, 131
15802, 16748, 69
15802, 16749, 31
15802, 16750, 0
15802, 16751, 154
15802, 16752, 116
15802, 16753, 100
15802, 16754, 46
15802, 16755, 46
15802, 16756, 4
15802, 16757, 15
15802, 16758, 8
15803, 16744, 154
15803, 16745, 52
15803, 16746, 0
15803, 16747, 129
15803, 16748, 103
15803, 16749, 34
15803, 16750, 17
15803, 16751, 155
15803, 16752, 120
15803, 16753, 103
15803, 16754, 69
15803, 16755, 34
15803, 16756, 17
15803, 16757, 4
15803, 16758, 9
15804, 16744, 171
15804, 16745, 86
15804, 16746, 43
15804, 16747, 52
15804, 16748, 34
15804, 16749, 17
15804, 16750, 17
15804, 16751, 155
15804, 16752, 137
15804, 16753, 86
15804, 16754, 86
15804, 16755, 86
15804, 16756, 4
15804, 16757, 9
15804, 16758, 17
15805, 16744, 209
15805, 16745, 13
15805, 16746, 8
15805, 16747, 210
15805, 16748, 17
15805, 16749, 13
15805, 16750, 8
15805, 16751, 210
15805, 16752, 105
15805, 16753, 189
15805, 16754, 4
15805, 16755, 2
15805, 16756, 2
15805, 16757, 4
15805, 16758, 6
15806, 16744, 143
15806, 16745, 72
15806, 16746, 0
15806, 16747, 165
15806, 16748, 118
15806, 16749, 0
15806, 16750, 0
15806, 16751, 165
15806, 16752, 142
15806, 16753, 118
15806, 16754, 71
15806, 16755, 0
15806, 16756, 2
15806, 16757, 2
15806, 16758, 2
