160827, 159800, 82
160827, 159801, 0
160827, 159802, 0
160827, 159803, 167
160827, 159804, 0
160827, 159805, 0
160827, 159806, 167
160827, 159807, 83
160827, 159808, 167
160827, 159809, 167
160827, 159810, 167
160827, 159811, 0
160828, 159800, 0
160828, 159801, 267
160828, 159802, 67
160828, 159803, 67
160828, 159804, 133
160828, 159805, 0
160828, 159806, 67
160828, 159807, 133
160828, 159808, 0
160828, 159809, 133
160828, 159810, 0
160828, 159811, 133
160829, 159800, 0
160829, 159801, 153
160829, 159802, 77
160829, 159803, 0
160829, 159804, 77
160829, 159805, 154
160829, 159806, 231
160829, 159807, 77
160829, 159808, 77
160829, 159809, 0
160829, 159810, 154
160829, 159811, 0
160830, 159800, 96
160830, 159801, 0
160830, 159802, 190
160830, 159803, 143
160830, 159804, 95
160830, 159805, 190
160830, 159806, 0
160830, 159807, 48
160830, 159808, 95
160830, 159809, 48
160830, 159810, 95
160830, 159811, 0
