172624, 171638, 156
172624, 171639, 178
172624, 171640, 200
172624, 171641, 89
172624, 171642, 111
172624, 171643, 133
172624, 171644, 44
172624, 171645, 22
172624, 171646, 67
172625, 171638, 156
172625, 171639, 178
172625, 171640, 200
172625, 171641, 111
172625, 171642, 67
172625, 171643, 89
172625, 171644, 44
172625, 171645, 133
172625, 171646, 22
172626, 171638, 200
172626, 171639, 178
172626, 171640, 156
172626, 171641, 133
172626, 171642, 111
172626, 171643, 89
172626, 171644, 67
172626, 171645, 44
172626, 171646, 22
