15779, 16697, 491
15779, 16698, 489
15779, 16699, 0
15779, 16700, 0
15779, 16701, 0
15779, 16702, 0
15779, 16703, 0
15779, 16704, 0
15779, 16705, 0
15779, 16706, 0
15779, 16707, 6
15779, 16708, 5
15779, 16709, 4
15779, 16710, 3
15779, 16711, 2
15780, 16697, 152
15780, 16698, 118
15780, 16699, 84
15780, 16700, 51
15780, 16701, 17
15780, 16702, 136
15780, 16703, 102
15780, 16704, 68
15780, 16705, 34
15780, 16706, 17
15780, 16707, 34
15780, 16708, 17
15780, 16709, 68
15780, 16710, 17
15780, 16711, 85
15781, 16697, 103
15781, 16698, 97
15781, 16699, 92
15781, 16700, 87
15781, 16701, 82
15781, 16702, 77
15781, 16703, 72
15781, 16704, 67
15781, 16705, 62
15781, 16706, 56
15781, 16707, 51
15781, 16708, 46
15781, 16709, 41
15781, 16710, 36
15781, 16711, 31
15782, 16697, 137
15782, 16698, 0
15782, 16699, 0
15782, 16700, 9
15782, 16701, 1
15782, 16702, 138
15782, 16703, 8
15782, 16704, 8
15782, 16705, 106
15782, 16706, 138
15782, 16707, 138
15782, 16708, 138
15782, 16709, 65
15782, 16710, 105
15782, 16711, 9
