12780, 12860, 88
12780, 12861, 115
12780, 12862, 126
12780, 12863, 46
12780, 12864, 19
12780, 12865, 89
12780, 12866, 146
12780, 12867, 0
12780, 12868, 185
12780, 12869, 0
12780, 12870, 186
12780, 12871, 0
12781, 12860, 0
12781, 12861, 0
12781, 12862, 0
12781, 12863, 0
12781, 12864, 110
12781, 12865, 0
12781, 12866, 151
12781, 12867, 0
12781, 12868, 170
12781, 12869, 127
12781, 12870, 216
12781, 12871, 226
12782, 12860, 1
12782, 12861, 0
12782, 12862, 80
12782, 12863, 80
12782, 12864, 0
12782, 12865, 122
12782, 12866, 156
12782, 12867, 127
12782, 12868, 120
12782, 12869, 94
12782, 12870, 156
12782, 12871, 64
12783, 12860, 0
12783, 12861, 0
12783, 12862, 0
12783, 12863, 0
12783, 12864, 0
12783, 12865, 0
12783, 12866, 0
12783, 12867, 0
12783, 12868, 1
12783, 12869, 499
12783, 12870, 499
12783, 12871, 1
12784, 12860, 0
12784, 12861, 0
12784, 12862, 231
12784, 12863, 0
12784, 12864, 0
12784, 12865, 0
12784, 12866, 0
12784, 12867, 436
12784, 12868, 0
12784, 12869, 0
12784, 12870, 333
12784, 12871, 0
