192011, 191668, 235
192011, 191669, 1
192011, 191670, 122
192011, 191671, 122
192011, 191672, 125
192011, 191673, 172
192011, 191674, 91
192011, 191675, 111
192011, 191676, 21
192012, 191668, 1
192012, 191669, 34
192012, 191670, 0
192012, 191671, 319
192012, 191672, 249
192012, 191673, 0
192012, 191674, 334
192012, 191675, 0
192012, 191676, 63
192013, 191668, 1
192013, 191669, 62
192013, 191670, 256
192013, 191671, 64
192013, 191672, 0
192013, 191673, 0
192013, 191674, 133
192013, 191675, 184
192013, 191676, 300
