15776, 16687, 526
15776, 16688, 474
15776, 16689, 0
15776, 16690, 0
15776, 16691, 0
15776, 16692, 0
15776, 16693, 0
15776, 16694, 0
15776, 16695, 0
15776, 16696, 0
15777, 16687, 119
15777, 16688, 101
15777, 16689, 118
15777, 16690, 85
15777, 16691, 68
15777, 16692, 169
15777, 16693, 153
15777, 16694, 34
15777, 16695, 17
15777, 16696, 136
15778, 16687, 140
15778, 16688, 123
15778, 16689, 35
15778, 16690, 140
15778, 16691, 175
15778, 16692, 158
15778, 16693, 18
15778, 16694, 53
15778, 16695, 70
15778, 16696, 88
