46286, 48014, 103
46286, 48015, 81
46286, 48016, 92
46286, 48017, 76
46286, 48018, 90
46286, 48019, 97
46286, 48020, 69
46286, 48021, 53
46286, 48022, 83
46286, 48023, 60
46286, 48024, 1
46286, 48025, 23
46286, 48026, 45
46286, 48027, 87
46286, 48028, 40
46287, 48014, 128
46287, 48015, 107
46287, 48016, 138
46287, 48017, 118
46287, 48018, 141
46287, 48019, 119
46287, 48020, 110
46287, 48021, 78
46287, 48022, 0
46287, 48023, 0
46287, 48024, 0
46287, 48025, 0
46287, 48026, 0
46287, 48027, 0
46287, 48028, 61
46288, 48014, 0
46288, 48015, 0
46288, 48016, 0
46288, 48017, 0
46288, 48018, 0
46288, 48019, 0
46288, 48020, 0
46288, 48021, 0
46288, 48022, 0
46288, 48023, 0
46288, 48024, 791
46288, 48025, 209
46288, 48026, 0
46288, 48027, 0
46288, 48028, 0
46289, 48014, 134
46289, 48015, 42
46289, 48016, 42
46289, 48017, 51
46289, 48018, 37
46289, 48019, 55
46289, 48020, 47
46289, 48021, 34
46289, 48022, 130
46289, 48023, 97
46289, 48024, 3
46289, 48025, 39
46289, 48026, 104
46289, 48027, 136
46289, 48028, 49
46290, 48014, 120
46290, 48015, 93
46290, 48016, 72
46290, 48017, 87
46290, 48018, 68
46290, 48019, 106
46290, 48020, 114
46290, 48021, 11
46290, 48022, 51
46290, 48023, 0
46290, 48024, 15
46290, 48025, 67
46290, 48026, 66
46290, 48027, 108
46290, 48028, 22
