67791, 69082, 50
67791, 69083, 50
67791, 69084, 300
67791, 69085, 300
67791, 69086, 150
67791, 69087, 150
67792, 69082, 50
67792, 69083, 50
67792, 69084, 300
67792, 69085, 300
67792, 69086, 150
67792, 69087, 150
67793, 69082, 50
67793, 69083, 50
67793, 69084, 300
67793, 69085, 300
67793, 69086, 150
67793, 69087, 150
67794, 69082, 50
67794, 69083, 50
67794, 69084, 300
67794, 69085, 300
67794, 69086, 150
67794, 69087, 150
67795, 69082, 50
67795, 69083, 50
67795, 69084, 300
67795, 69085, 300
67795, 69086, 150
67795, 69087, 150
