176115, 175268, 75
176115, 175269, 76
176115, 175270, 78
176115, 175271, 81
176115, 175272, 89
176115, 175273, 86
176115, 175274, 86
176115, 175275, 86
176115, 175276, 75
176115, 175277, 90
176115, 175278, 90
176115, 175279, 88
176116, 175268, 122
176116, 175269, 124
176116, 175270, 64
176116, 175271, 96
176116, 175272, 111
176116, 175273, 86
176116, 175274, 111
176116, 175275, 94
176116, 175276, 0
176116, 175277, 107
176116, 175278, 85
176116, 175279, 0
176117, 175268, 99
176117, 175269, 73
176117, 175270, 105
176117, 175271, 82
176117, 175272, 78
176117, 175273, 61
176117, 175274, 111
176117, 175275, 75
176117, 175276, 63
176117, 175277, 100
176117, 175278, 89
176117, 175279, 64
176118, 175268, 54
176118, 175269, 45
176118, 175270, 72
176118, 175271, 94
176118, 175272, 78
176118, 175273, 96
176118, 175274, 82
176118, 175275, 62
176118, 175276, 68
176118, 175277, 131
176118, 175278, 95
176118, 175279, 123
