179701, 179266, 182
179701, 179267, 164
179701, 179268, 145
179701, 179269, 127
179701, 179270, 109
179701, 179271, 91
179701, 179272, 73
179701, 179273, 55
179701, 179274, 36
179701, 179275, 18
179702, 179266, 182
179702, 179267, 164
179702, 179268, 145
179702, 179269, 127
179702, 179270, 109
179702, 179271, 91
179702, 179272, 73
179702, 179273, 55
179702, 179274, 36
179702, 179275, 18
179703, 179266, 182
179703, 179267, 164
179703, 179268, 145
179703, 179269, 127
179703, 179270, 109
179703, 179271, 91
179703, 179272, 73
179703, 179273, 55
179703, 179274, 36
179703, 179275, 18
