49611, 51443, 0
49611, 51444, 0
49611, 51445, 0
49611, 51446, 399
49611, 51447, 0
49611, 51448, 0
49611, 51449, 116
49611, 51450, 0
49611, 51451, 485
49612, 51443, 156
49612, 51444, 155
49612, 51445, 0
49612, 51446, 154
49612, 51447, 80
49612, 51448, 0
49612, 51449, 255
49612, 51450, 200
49612, 51451, 0
49613, 51443, 179
49613, 51444, 238
49613, 51445, 0
49613, 51446, 235
49613, 51447, 216
49613, 51448, 0
49613, 51449, 0
49613, 51450, 132
49613, 51451, 0
49614, 51443, 0
49614, 51444, 0
49614, 51445, 41
49614, 51446, 379
49614, 51447, 0
49614, 51448, 220
49614, 51449, 224
49614, 51450, 0
49614, 51451, 136
49615, 51443, 0
49615, 51444, 0
49615, 51445, 386
49615, 51446, 190
49615, 51447, 0
49615, 51448, 143
49615, 51449, 96
49615, 51450, 185
49615, 51451, 0
