14908, 15497, 35
14908, 15498, 194
14908, 15499, 103
14908, 15500, 106
14908, 15501, 27
14908, 15502, 73
14908, 15503, 87
14908, 15504, 47
14908, 15505, 198
14908, 15506, 79
14908, 15507, 25
14908, 15508, 26
14909, 15497, 87
14909, 15498, 156
14909, 15499, 98
14909, 15500, 170
14909, 15501, 59
14909, 15502, 31
14909, 15503, 52
14909, 15504, 33
14909, 15505, 219
14909, 15506, 56
14909, 15507, 20
14909, 15508, 19
14910, 15497, 57
14910, 15498, 125
14910, 15499, 240
14910, 15500, 117
14910, 15501, 28
14910, 15502, 69
14910, 15503, 37
14910, 15504, 50
14910, 15505, 80
14910, 15506, 68
14910, 15507, 40
14910, 15508, 89
