127121, 126991, 142
127121, 126992, 143
127121, 126993, 143
127121, 126994, 143
127121, 126995, 143
127121, 126996, 143
127121, 126997, 143
127122, 126991, 142
127122, 126992, 143
127122, 126993, 143
127122, 126994, 143
127122, 126995, 143
127122, 126996, 143
127122, 126997, 143
127123, 126991, 142
127123, 126992, 143
127123, 126993, 143
127123, 126994, 143
127123, 126995, 143
127123, 126996, 143
127123, 126997, 143
127124, 126991, 142
127124, 126992, 143
127124, 126993, 143
127124, 126994, 143
127124, 126995, 143
127124, 126996, 143
127124, 126997, 143
127125, 126991, 142
127125, 126992, 143
127125, 126993, 143
127125, 126994, 143
127125, 126995, 143
127125, 126996, 143
127125, 126997, 143
