161905, 160842, 48
161905, 160843, 104
161905, 160844, 55
161905, 160845, 98
161905, 160846, 60
161905, 160847, 138
161905, 160848, 14
161905, 160849, 60
161905, 160850, 70
161905, 160851, 36
161905, 160852, 96
161905, 160853, 60
161905, 160854, 161
161906, 160842, 44
161906, 160843, 140
161906, 160844, 68
161906, 160845, 19
161906, 160846, 66
161906, 160847, 46
161906, 160848, 151
161906, 160849, 80
161906, 160850, 50
161906, 160851, 27
161906, 160852, 152
161906, 160853, 104
161906, 160854, 53
161907, 160842, 39
161907, 160843, 96
161907, 160844, 57
161907, 160845, 87
161907, 160846, 189
161907, 160847, 95
161907, 160848, 90
161907, 160849, 150
161907, 160850, 29
161907, 160851, 0
161907, 160852, 51
161907, 160853, 68
161907, 160854, 49
161908, 160842, 34
161908, 160843, 22
161908, 160844, 93
161908, 160845, 75
161908, 160846, 112
161908, 160847, 68
161908, 160848, 105
161908, 160849, 113
161908, 160850, 40
161908, 160851, 84
161908, 160852, 73
161908, 160853, 105
161908, 160854, 76
161909, 160842, 62
161909, 160843, 29
161909, 160844, 68
161909, 160845, 132
161909, 160846, 68
161909, 160847, 94
161909, 160848, 68
161909, 160849, 38
161909, 160850, 14
161909, 160851, 53
161909, 160852, 157
161909, 160853, 95
161909, 160854, 122
