19001, 20190, 500
19001, 20191, 300
19001, 20192, 200
19001, 20193, 0
19001, 20194, 0
19001, 20195, 0
19001, 20196, 0
19001, 20197, 0
19001, 20198, 0
19001, 20199, 0
19002, 20190, 300
19002, 20191, 100
19002, 20192, 100
19002, 20193, 200
19002, 20194, 50
19002, 20195, 50
19002, 20196, 150
19002, 20197, 50
19002, 20198, 0
19002, 20199, 0
19003, 20190, 1000
19003, 20191, 0
19003, 20192, 0
19003, 20193, 0
19003, 20194, 0
19003, 20195, 0
19003, 20196, 0
19003, 20197, 0
19003, 20198, 0
19003, 20199, 0
19004, 20190, 700
19004, 20191, 100
19004, 20192, 100
19004, 20193, 50
19004, 20194, 50
19004, 20195, 0
19004, 20196, 0
19004, 20197, 0
19004, 20198, 0
19004, 20199, 0
