238819, 237743, 679
238819, 237744, 218
238819, 237745, 103
238819, 237746, 0
238819, 237747, 0
238819, 237748, 0
238819, 237749, 0
238819, 237750, 0
238819, 237751, 0
238819, 237752, 0
238820, 237743, 0
238820, 237744, 0
238820, 237745, 220
238820, 237746, 235
238820, 237747, 263
238820, 237748, 282
238820, 237749, 0
238820, 237750, 0
238820, 237751, 0
238820, 237752, 0
238821, 237743, 0
238821, 237744, 184
238821, 237745, 0
238821, 237746, 190
238821, 237747, 0
238821, 237748, 203
238821, 237749, 0
238821, 237750, 204
238821, 237751, 0
238821, 237752, 219
