49591, 51405, 0
49591, 51406, 0
49591, 51407, 0
49591, 51408, 473
49591, 51409, 178
49591, 51410, 242
49591, 51411, 107
49591, 51412, 0
49591, 51413, 0
49592, 51405, 273
49592, 51406, 230
49592, 51407, 0
49592, 51408, 88
49592, 51409, 0
49592, 51410, 0
49592, 51411, 409
49592, 51412, 0
49592, 51413, 0
49593, 51405, 0
49593, 51406, 0
49593, 51407, 0
49593, 51408, 356
49593, 51409, 0
49593, 51410, 0
49593, 51411, 320
49593, 51412, 324
49593, 51413, 0
49594, 51405, 239
49594, 51406, 239
49594, 51407, 83
49594, 51408, 311
49594, 51409, 0
49594, 51410, 0
49594, 51411, 0
49594, 51412, 0
49594, 51413, 128
