192014, 191677, 235
192014, 191678, 1
192014, 191679, 122
192014, 191680, 122
192014, 191681, 125
192014, 191682, 172
192014, 191683, 91
192014, 191684, 111
192014, 191685, 21
192015, 191677, 1
192015, 191678, 34
192015, 191679, 0
192015, 191680, 319
192015, 191681, 249
192015, 191682, 0
192015, 191683, 334
192015, 191684, 0
192015, 191685, 63
192016, 191677, 1
192016, 191678, 62
192016, 191679, 256
192016, 191680, 64
192016, 191681, 0
192016, 191682, 0
192016, 191683, 133
192016, 191684, 184
192016, 191685, 300
