15773, 16677, 526
15773, 16678, 474
15773, 16679, 0
15773, 16680, 0
15773, 16681, 0
15773, 16682, 0
15773, 16683, 0
15773, 16684, 0
15773, 16685, 0
15773, 16686, 0
15774, 16677, 118
15774, 16678, 101
15774, 16679, 119
15774, 16680, 85
15774, 16681, 68
15774, 16682, 169
15774, 16683, 153
15774, 16684, 34
15774, 16685, 17
15774, 16686, 136
15775, 16677, 140
15775, 16678, 123
15775, 16679, 35
15775, 16680, 140
15775, 16681, 175
15775, 16682, 158
15775, 16683, 18
15775, 16684, 53
15775, 16685, 70
15775, 16686, 88
