49606, 51434, 0
49606, 51435, 0
49606, 51436, 0
49606, 51437, 399
49606, 51438, 0
49606, 51439, 0
49606, 51440, 116
49606, 51441, 0
49606, 51442, 485
49607, 51434, 156
49607, 51435, 155
49607, 51436, 0
49607, 51437, 154
49607, 51438, 80
49607, 51439, 0
49607, 51440, 255
49607, 51441, 200
49607, 51442, 0
49608, 51434, 179
49608, 51435, 238
49608, 51436, 0
49608, 51437, 235
49608, 51438, 216
49608, 51439, 0
49608, 51440, 0
49608, 51441, 132
49608, 51442, 0
49609, 51434, 0
49609, 51435, 0
49609, 51436, 41
49609, 51437, 379
49609, 51438, 0
49609, 51439, 220
49609, 51440, 224
49609, 51441, 0
49609, 51442, 136
49610, 51434, 0
49610, 51435, 0
49610, 51436, 386
49610, 51437, 190
49610, 51438, 0
49610, 51439, 143
49610, 51440, 96
49610, 51441, 185
49610, 51442, 0
