218173, 216934, 104
218173, 216935, 197
218173, 216936, 140
218173, 216937, 216
218173, 216938, 207
218173, 216939, 136
218174, 216934, 206
218174, 216935, 71
218174, 216936, 381
218174, 216937, 169
218174, 216938, 128
218174, 216939, 45
218175, 216934, 106
218175, 216935, 255
218175, 216936, 180
218175, 216937, 144
218175, 216938, 78
218175, 216939, 237
218176, 216934, 174
218176, 216935, 59
218176, 216936, 311
218176, 216937, 138
218176, 216938, 244
218176, 216939, 74
218177, 216934, 165
218177, 216935, 223
218177, 216936, 196
218177, 216937, 164
218177, 216938, 16
218177, 216939, 236
