27913, 29675, 111
27913, 29676, 96
27913, 29677, 117
27913, 29678, 184
27913, 29679, 246
27913, 29680, 246
27914, 29675, 168
27914, 29676, 167
27914, 29677, 173
27914, 29678, 167
27914, 29679, 167
27914, 29680, 158
27915, 29675, 0
27915, 29676, 0
27915, 29677, 1000
27915, 29678, 0
27915, 29679, 0
27915, 29680, 0
27916, 29675, 55
27916, 29676, 292
27916, 29677, 227
27916, 29678, 130
27916, 29679, 296
27916, 29680, 0
27917, 29675, 0
27917, 29676, 0
27917, 29677, 1000
27917, 29678, 0
27917, 29679, 0
27917, 29680, 0
