71500, 72518, 0
71500, 72519, 500
71500, 72520, 0
71500, 72521, 400
71500, 72522, 100
71500, 72523, 0
71500, 72524, 0
71500, 72525, 0
71501, 72518, 0
71501, 72519, 500
71501, 72520, 0
71501, 72521, 400
71501, 72522, 100
71501, 72523, 0
71501, 72524, 0
71501, 72525, 0
71502, 72518, 0
71502, 72519, 500
71502, 72520, 0
71502, 72521, 400
71502, 72522, 100
71502, 72523, 0
71502, 72524, 0
71502, 72525, 0
71503, 72518, 0
71503, 72519, 500
71503, 72520, 0
71503, 72521, 400
71503, 72522, 100
71503, 72523, 0
71503, 72524, 0
71503, 72525, 0
