54642, 56287, 131
54642, 56288, 108
54642, 56289, 120
54642, 56290, 135
54642, 56291, 115
54642, 56292, 145
54642, 56293, 136
54642, 56294, 110
54643, 56287, 146
54643, 56288, 88
54643, 56289, 102
54643, 56290, 122
54643, 56291, 99
54643, 56292, 127
54643, 56293, 152
54643, 56294, 164
54644, 56287, 106
54644, 56288, 157
54644, 56289, 145
54644, 56290, 128
54644, 56291, 148
54644, 56292, 123
54644, 56293, 102
54644, 56294, 91
54645, 56287, 134
54645, 56288, 111
54645, 56289, 114
54645, 56290, 110
54645, 56291, 98
54645, 56292, 137
54645, 56293, 141
54645, 56294, 155
54646, 56287, 115
54646, 56288, 142
54646, 56289, 137
54646, 56290, 142
54646, 56291, 155
54646, 56292, 111
54646, 56293, 107
54646, 56294, 91
