179718, 179293, 182
179718, 179294, 164
179718, 179295, 145
179718, 179296, 127
179718, 179297, 109
179718, 179298, 91
179718, 179299, 73
179718, 179300, 55
179718, 179301, 36
179718, 179302, 18
179719, 179293, 182
179719, 179294, 164
179719, 179295, 145
179719, 179296, 127
179719, 179297, 109
179719, 179298, 91
179719, 179299, 73
179719, 179300, 55
179719, 179301, 36
179719, 179302, 18
179720, 179293, 182
179720, 179294, 164
179720, 179295, 145
179720, 179296, 127
179720, 179297, 109
179720, 179298, 91
179720, 179299, 73
179720, 179300, 55
179720, 179301, 36
179720, 179302, 18
