Values
[[116 774 377  10 934  38 925 763 228 620 385 589 889 915 800 294   1]
 [715 995 217 528 899 374 690 448 448 786 747 818  80 220 498 182 376]
 [402 248 393 835 291 968 335 662 500 141 177 773 139 920 437 273 311]
 [828 102 606 381 133 398 276 286 882 147 644  94 526 979 427 793 119]
 [689  69  36 465 455 977 526 654 701   2 560 470 384 656 708  94 386]
 [ 34 928 892  56 621 765 422 449   5 570 226 370 283 343 414  35  81]
 [269 326 985 101 994 361 411 963 444 793 596 613 350 836 253 105 320]
 [171 126   3 376 975 918 505  53 213 564 226 364 556 534 500 200 226]]
Assignment
[[0 0 0 0 1 0 1 0 0 0 0 0 0 0 0 1 0]
 [0 1 0 0 0 0 0 0 0 0 0 1 0 0 0 0 0]
 [0 0 0 1 0 1 0 0 0 0 0 0 0 0 0 0 0]
 [0 0 0 0 0 0 0 0 1 0 0 0 0 1 0 0 0]
 [1 0 0 0 0 0 0 0 0 0 0 0 0 0 1 0 0]
 [0 0 1 0 0 0 0 0 0 0 0 0 1 0 0 0 0]
 [0 0 0 0 0 0 0 1 0 0 1 0 0 0 0 0 0]
 [0 0 0 0 0 0 0 0 0 1 0 0 0 0 0 0 1]]