Values
[[176 627 350 607 482 341 357  50 727 729 583 469 146 703 416 522 911 359
  419 129 131 883 694 855 662 381 341]
 [504 227  52 308 705 152 977 584 262 462 675 170 127 754 679 508  58  49
  175 804 699 620 385 772 512 330 749]
 [ 36 643 293 826 319 102 640 986 213   3 277 653 638 372 311 196 734 304
   28 556 567 632 625 967 927  21 648]
 [773 301 314 487 731 234 698 827 584 241 154 232 595  44 656 609 484 424
  371 818 934 329  42 663 399 889 379]
 [485 454 786 457 468 300 803 743 992 320 350 963 374 765 757 593 881 275
  454  30 123 695 733  81 198 707 879]
 [904 542 364 427 168  60 810 328 398  73 773 983 972 601 211 325  90 330
  651 360 590 189 889 571 328 432 264]
 [156 597 753 964 163 449 959 828 475 782 802 751 487 382 148 650 332 540
  642 198 898 866 886 470 293 554 600]
 [388 818 749  57 546 720 177 628 949 160 602 765 198 131 109 536 782 122
  186 473 100 479 741 874 127   4 717]
 [ 67 716 640 164 344 110 295 534 353 336 889 380 147 846  67 538 626 478
  166 521 655 508 970 939 560 490 927]
 [465 313 935 220 909 716 200 693 607 106 736 900 483 588 188 800 937 426
  161 431 557 441 446 768 785 296 622]
 [ 44 636 660 898 122 179 165 254 610 139 638 751 190 632  72 501 871 139
  370 600 961 235 515 242 287   8 354]
 [  5 193 974 749  13 621 368 656 279 237 543 804 962 302 493 557 221 277
  621  96 680 964 354 267 446 741 800]
 [386 708 583 349 679 684 242  26 603 264 366 464 359 564 756 920 513  14
  352 396 586 503 969 750  79 219 662]]
Assignment
[[0 0 0 0 0 0 0 0 0 1 0 0 0 0 0 0 1 1 0 0 0 0 0 0 0 0 0]
 [0 0 0 0 0 0 1 0 0 0 0 0 0 0 0 0 0 0 0 1 0 0 0 0 0 0 0]
 [0 0 0 0 0 0 0 1 0 0 0 0 0 0 0 0 0 0 0 0 0 0 0 0 1 0 0]
 [0 0 0 0 0 0 0 0 0 0 0 0 0 0 0 0 0 0 0 0 1 0 0 0 0 1 0]
 [0 0 0 0 0 0 0 0 1 0 0 0 0 0 0 0 0 0 0 0 0 0 0 0 0 0 1]
 [0 0 0 0 0 0 0 0 0 0 0 1 1 0 0 0 0 0 0 0 0 0 0 0 0 0 0]
 [0 0 0 1 0 0 0 0 0 0 0 0 0 0 0 0 0 0 1 0 0 0 0 0 0 0 0]
 [0 1 0 0 0 0 0 0 0 0 0 0 0 0 0 0 0 0 0 0 0 0 0 1 0 0 0]
 [0 0 0 0 0 0 0 0 0 0 0 0 0 1 0 0 0 0 0 0 0 0 1 0 0 0 0]
 [0 0 1 0 1 0 0 0 0 0 0 0 0 0 0 0 0 0 0 0 0 0 0 0 0 0 0]
 [0 0 0 0 0 1 0 0 0 0 1 0 0 0 0 0 0 0 0 0 0 0 0 0 0 0 0]
 [0 0 0 0 0 0 0 0 0 0 0 0 0 0 1 0 0 0 0 0 0 1 0 0 0 0 0]
 [1 0 0 0 0 0 0 0 0 0 0 0 0 0 0 1 0 0 0 0 0 0 0 0 0 0 0]]